Floating wood at Chazey for flood on 20071122
Date Time Length(m) Diameter(m) Position(m) Angle(rad) Velocity(m/s) Rotation(rad/s) Roots(1/0) Branches(1/0) Grouped(1/0) PartSubmerged(1/0)
23-Nov-2007  08:57:01 1.41  0.25  69.82  0.99  5.16 -2.44  0  1  1  1 
23-Nov-2007  08:57:06 0.86  0.18  70.45  2.36  6.57 -3.22  0  0  0  1 
23-Nov-2007  08:57:14 0.55  0.12  71.91  1.05  5.56 -2.54  0  0  0  0 
23-Nov-2007  08:57:15 0.58  0.11  68.38  1.86  6.02 -2.52  0  0  0  0 
23-Nov-2007  08:57:25 2.47  0.19  74.64  1.70  5.72 -3.56  0  0  0  1 
23-Nov-2007  08:57:30 3.00  0.28  70.02  1.59  5.96 -2.56  0  0  0  1 
23-Nov-2007  08:57:32 0.82  0.18  67.29  1.73  5.43 -1.89  0  0  0  0 
23-Nov-2007  08:57:36 1.70  0.08  72.17  1.03  7.85 -4.96  0  0  0  1 
23-Nov-2007  08:57:41 1.82  0.05  68.92  0.51  6.64  1.72  0  0  0  1 
23-Nov-2007  08:57:44 0.87  0.08  68.45  1.50  6.00 -2.54  0  0  0  0 
23-Nov-2007  08:57:45 0.78  0.14  69.95  2.55  8.35 -4.80  0  1  0  1 
23-Nov-2007  08:57:46 0.78  0.23  59.27  0.83  7.39 -2.47  0  0  0  1 
23-Nov-2007  08:57:56 1.36  0.09  66.21  1.35  6.41 -2.61  0  0  0  0 
23-Nov-2007  08:58:00 0.90  0.15  66.69  0.69  6.75  1.68  0  0  0  1 
23-Nov-2007  08:58:01 1.09  0.23  64.52  0.92  7.60 -3.25  0  0  0  0 
23-Nov-2007  08:58:04 0.57  0.08  69.90  1.00  6.75 -3.67  0  0  0  0 
23-Nov-2007  08:58:05 1.74  0.03  70.48  0.31  8.26  2.90  0  0  0  1 
23-Nov-2007  08:58:07 2.07  0.32  65.15  1.77  4.63 -1.18  0  0  0  0 
23-Nov-2007  08:58:13 0.66  0.12  70.04  2.28  7.58 -3.94  0  0  0  1 
23-Nov-2007  08:58:17 1.16  0.15  68.81  1.39  6.68 -3.02  0  1  0  1 
23-Nov-2007  08:58:19 0.72  0.07  71.49  1.79  6.47 -3.19  0  0  1  1 
23-Nov-2007  08:58:25 2.28  0.15  71.16  1.57  11.46 -7.18  0  0  0  1 
23-Nov-2007  08:58:29 0.83  0.08  68.52  0.84  9.56  3.02  0  1  0  1 
23-Nov-2007  08:58:34 1.14  0.11  69.05  0.29  7.09  2.07  0  0  0  0 
23-Nov-2007  08:58:41 1.11  0.14  69.63  3.12  7.55 -3.71  0  0  0  0 
23-Nov-2007  08:58:46 10.97  0.64  63.85  3.13  5.49 -1.94  1  0  0  1 
23-Nov-2007  08:58:48 0.98  0.25  66.92  2.60  12.66 -6.72  0  0  0  0 
23-Nov-2007  08:58:49 0.81  0.11  73.61  1.55  7.35 -4.97  0  0  0  1 
23-Nov-2007  08:58:52 3.01  0.13  71.46  1.55  6.73 -3.65  0  0  0  1 
23-Nov-2007  08:58:55 1.01  0.08  72.11  1.05  9.79 -6.73  0  0  0  1 
23-Nov-2007  08:58:56 0.94  0.15  71.00  1.30  8.72 -5.10  0  0  0  1 
23-Nov-2007  08:58:55 0.78  0.58  62.12  1.11  9.41 -4.21  0  0  0  0 
23-Nov-2007  08:59:07 0.48  0.47  60.73  1.48  8.37 -3.51  0  0  0  0 
23-Nov-2007  08:59:10 0.73  0.18  70.75  0.72  7.30  2.18  0  1  0  1 
23-Nov-2007  08:59:17 1.29  0.11  71.29  0.61  7.09  2.01  0  0  0  1 
23-Nov-2007  08:59:18 0.72  0.18  71.81  1.53  8.50 -5.53  0  0  0  0 
23-Nov-2007  08:59:24 2.22  0.21  70.68  2.10  11.79 -7.62  0  1  0  1 
23-Nov-2007  08:59:24 0.91  0.18  69.21  1.87  6.32 -2.96  0  0  0  0 
23-Nov-2007  08:59:34 2.33  0.23  69.64  1.80  6.55 -2.96  1  1  0  1 
23-Nov-2007  08:59:36 0.67  0.20  70.67  1.86  6.04 -2.92  0  0  0  0 
23-Nov-2007  08:59:41 1.79  0.11  72.89  1.41  5.94 -3.20  0  0  0  1 
23-Nov-2007  08:59:48 2.54  0.17  71.29  0.68  6.16  1.72  0  0  1  1 
23-Nov-2007  08:59:49 3.66  0.22  70.81  3.09  7.62 -4.05  0  0  1  1 
23-Nov-2007  08:59:50 0.90  0.09  71.01  0.73  8.26  2.90  0  0  0  1 
23-Nov-2007  08:59:54 1.84  0.51  58.37  2.62  8.57 -3.24  0  1  0  1 
23-Nov-2007  08:59:56 1.95  0.35  70.12  1.69  7.34 -3.73  0  0  1  0 
23-Nov-2007  08:59:58 1.21  0.13  71.86  1.76  8.46 -4.85  0  0  0  1 
23-Nov-2007  09:00:00 0.47  0.13  70.42  0.50  7.23  2.23  0  0  0  0 
23-Nov-2007  09:00:00 0.62  0.16  69.33  0.36  9.20  2.97  0  0  0  0 
23-Nov-2007  09:00:00 1.56  0.12  69.41  2.11  8.18 -4.05  0  0  1  0 
23-Nov-2007  09:00:01 1.01  0.14  69.47  2.85  10.12 -5.38  0  0  1  1 
23-Nov-2007  09:00:01 0.79  0.15  69.79  2.85  6.21 -3.03  0  0  1  0 
23-Nov-2007  09:00:02 0.64  0.09  70.69  0.94  8.24 -5.28  0  0  1  0 
23-Nov-2007  09:00:05 1.78  0.26  67.97  2.12  6.86 -3.01  1  1  0  1 
23-Nov-2007  09:00:05 1.78  0.18  69.29  1.45  12.99 -7.43  0  0  0  1 
23-Nov-2007  09:00:07 0.66  0.08  69.66  1.74  11.73 -7.33  0  1  0  0 
23-Nov-2007  09:00:09 2.28  0.20  66.17  2.63  5.29 -1.72  0  0  0  1 
23-Nov-2007  09:00:14 2.08  0.29  67.20  3.00  6.09 -2.29  0  0  0  1 
23-Nov-2007  09:00:25 0.44  0.07  69.66  1.22  6.72 -3.14  0  0  0  0 
23-Nov-2007  09:00:31 3.37  0.26  70.52  1.37  5.45 -2.26  0  0  0  1 
23-Nov-2007  09:00:32 0.42  0.10  67.27  1.20  8.16 -4.34  0  0  0  0 
23-Nov-2007  09:00:39 7.79  0.66  58.67  0.64  5.80  1.10  1  0  0  1 
23-Nov-2007  09:00:41 1.54  0.14  68.55  0.17  10.48  3.55  0  0  0  1 
23-Nov-2007  09:00:42 1.77  0.29  61.90  1.30  16.26 -8.08  0  0  0  0 
23-Nov-2007  09:00:58 0.86  0.15  72.45  2.06  9.01 -5.31  0  0  0  1 
23-Nov-2007  09:00:59 0.47  0.07  72.29  0.98  9.86 -6.60  0  0  0  1 
23-Nov-2007  09:01:03 1.53  0.29  67.94 -3.09  5.76  1.19  0  0  0  0 
23-Nov-2007  09:01:06 0.59  0.11  73.97  1.60  10.26 -8.05  0  1  0  1 
23-Nov-2007  09:01:07 1.43  0.11  73.16  1.28  7.78 -4.96  0  1  0  1 
23-Nov-2007  09:01:07 0.94  0.05  74.50  0.71  7.75  2.83  0  0  0  0 
23-Nov-2007  09:01:11 0.58  0.19  70.46  2.40  6.56 -3.15  0  1  0  0 
23-Nov-2007  09:01:14 2.55  0.14  69.76  2.96  10.13 -5.36  0  1  1  1 
23-Nov-2007  09:01:15 0.83  0.34  57.80  1.50  9.69 -3.92  0  0  0  0 
23-Nov-2007  09:01:19 0.59  0.10  73.37  1.61  7.54 -5.08  0  0  0  0 
23-Nov-2007  09:01:19 1.91  0.15  70.87  0.94  8.60 -4.94  0  0  0  1 
23-Nov-2007  09:01:20 0.73  0.12  73.52  1.78  6.00 -3.77  0  0  0  0 
23-Nov-2007  09:01:19 2.45  0.30  69.24  1.70  5.96 -2.52  0  1  0  1 
23-Nov-2007  09:01:25 0.67  0.12  70.84  1.28  6.04 -3.05  0  0  0  0 
23-Nov-2007  09:01:28 0.61  0.07  69.33  1.38  6.09 -2.60  0  0  0  0 
23-Nov-2007  09:01:36 0.79  0.13  64.97  0.86  5.14 -1.66  0  0  0  0 
23-Nov-2007  09:01:38 1.57  0.23  66.70  1.07  10.28 -5.17  0  0  0  1 
23-Nov-2007  09:01:40 1.02  0.16  64.31  0.87  7.43 -2.96  0  0  0  0 
23-Nov-2007  09:01:40 1.72  0.36  66.29  2.59  6.46 -2.47  0  1  1  0 
23-Nov-2007  09:01:41 1.09  0.17  67.05  2.80  6.82 -3.07  0  0  0  0 
23-Nov-2007  09:01:50 0.78  0.11  72.64  1.77  6.39 -3.91  0  1  0  1 
23-Nov-2007  09:01:53 1.28  0.06  65.73  2.99  10.83 -5.14  0  0  0  0 
23-Nov-2007  09:01:54 0.47  0.09  73.51  1.34  7.76 -4.84  0  0  0  0 
23-Nov-2007  09:01:57 2.72  0.05  69.35  0.43  6.55  1.74  0  0  0  0 
23-Nov-2007  09:02:03 0.66  0.12  71.33  1.18  8.30 -4.94  0  0  0  0 
23-Nov-2007  09:02:08 0.93  0.08  71.62  2.73  7.68 -4.72  0  0  0  0 
23-Nov-2007  09:02:10 1.63  0.11  69.32  0.24  9.07  2.78  0  1  0  0 
23-Nov-2007  09:02:12 1.58  0.15  70.19  0.73  8.72  2.78  0  0  0  1 
23-Nov-2007  09:02:17 0.65  0.16  68.96  1.16  9.60 -5.15  0  0  0  0 
23-Nov-2007  09:02:17 1.01  0.07  73.54  0.74  10.56  4.43  0  0  1  1 
23-Nov-2007  09:02:18 0.48  0.16  71.50  2.20  9.55 -6.23  0  0  0  0 
23-Nov-2007  09:02:27 0.46  0.09  70.53  1.89  11.41 -6.69  0  0  0  0 
23-Nov-2007  09:02:28 1.27  0.11  69.36  0.62  5.63  1.16  0  0  0  1 
23-Nov-2007  09:02:28 1.61  0.12  70.21  0.58  6.58  1.75  0  0  0  0 
23-Nov-2007  09:02:33 1.47  0.08  72.67  0.70  8.57  3.04  0  1  0  1 
23-Nov-2007  09:02:42 1.58  0.11  69.30  0.69  9.88  3.09  0  1  0  0 
23-Nov-2007  09:02:47 1.34  0.12  68.35  0.49  6.83  1.90  0  0  0  0 
23-Nov-2007  09:02:47 3.07  0.19  67.03  2.79  6.15 -2.38  0  0  0  1 
23-Nov-2007  09:02:51 0.93  0.06  69.59  1.93  7.34 -3.75  0  0  0  0 
23-Nov-2007  09:02:52 0.46  0.08  69.86  1.89  8.48 -4.91  0  0  0  0 
23-Nov-2007  09:02:53 2.03  0.16  69.69  0.99  6.38 -3.00  0  0  0  1 
23-Nov-2007  09:02:54 0.80  0.22  70.80  1.29  8.89 -5.34  0  0  1  0 
23-Nov-2007  09:02:59 1.41  0.13  68.73  0.61  6.77  1.60  0  1  0  1 
23-Nov-2007  09:03:01 1.14  0.18  66.89  1.09  8.01 -3.56  0  0  0  0 
23-Nov-2007  09:03:02 1.17  0.20  65.54  2.64  8.51 -3.73  0  0  0  0 
23-Nov-2007  09:03:07 2.62  0.10  70.17  0.83  7.04  2.16  0  1  0  1 
23-Nov-2007  09:03:09 2.06  0.07  70.92  0.92  6.65 -3.47  0  0  0  1 
23-Nov-2007  09:03:10 1.47  0.14  71.91  0.77  7.94  2.59  0  1  0  1 
23-Nov-2007  09:03:11 0.72  0.11  72.75  1.36  8.04 -5.13  0  0  0  1 
23-Nov-2007  09:03:12 2.15  0.20  72.42  0.76  7.89  2.69  0  1  0  1 
23-Nov-2007  09:03:14 0.35  0.18  72.10  1.53  7.86 -4.89  0  0  1  0 
23-Nov-2007  09:03:16 1.20  0.14  73.11  1.35  7.09 -4.14  0  1  1  1 
23-Nov-2007  09:03:16 1.15  0.10  72.00  2.28  7.00 -3.66  0  1  0  1 
23-Nov-2007  09:03:20 5.71  0.24  68.91  1.72  6.17 -2.45  0  1  1  1 
23-Nov-2007  09:03:21 8.86  0.49  67.18  2.75  6.92 -3.02  0  1  1  0 
23-Nov-2007  09:03:23 1.71  0.17  72.45  1.29  7.80 -4.64  0  0  1  1 
23-Nov-2007  09:03:23 3.69  0.12  70.07  0.71  8.27  2.61  0  0  1  1 
23-Nov-2007  09:03:24 2.01  0.18  71.51  1.02  6.59 -3.55  0  1  1  1 
23-Nov-2007  09:03:24 1.84  0.23  71.02  2.46  12.01 -7.61  0  1  1  1 
23-Nov-2007  09:03:26 1.82  0.17  72.55  2.64  7.49 -4.81  0  1  1  1 
23-Nov-2007  09:03:26 2.09  0.07  72.52 -0.11  13.27  5.68  0  1  1  0 
23-Nov-2007  09:03:28 0.66  0.27  71.89  1.57  9.55 -6.11  0  0  0  1 
23-Nov-2007  09:03:29 0.64  0.09  73.59  0.46  7.92  3.27  0  0  0  0 
23-Nov-2007  09:03:30 1.38  0.18  72.77  1.70  7.29 -4.60  0  0  1  1 
23-Nov-2007  09:03:32 1.35  0.16  72.61  1.95  9.47 -6.36  0  1  1  1 
23-Nov-2007  09:03:31 1.09  0.13  70.59  2.66  11.01 -6.86  0  0  1  0 
23-Nov-2007  09:03:32 1.44  0.24  68.33  1.29  7.10 -3.19  0  0  0  0 
23-Nov-2007  09:03:33 1.07  0.17  69.33  1.88  9.57 -5.03  0  1  0  1 
23-Nov-2007  09:03:36 0.79  0.18  67.63  1.51  9.37 -4.98  0  0  0  0 
23-Nov-2007  09:03:36 2.04  0.38  66.68  1.68  6.62 -2.81  1  1  0  1 
23-Nov-2007  09:03:40 0.94  0.16  68.78  1.66  8.30 -4.64  0  1  0  0 
23-Nov-2007  09:03:40 1.38  0.30  66.64  1.06  8.21 -4.55  0  1  0  1 
23-Nov-2007  09:03:45 1.84  0.22  70.98  1.96  8.14 -4.72  0  0  0  0 
23-Nov-2007  09:03:48 0.93  0.18  68.16  1.78  8.15 -4.82  0  1  0  1 
23-Nov-2007  09:03:52 3.56  0.19  71.33  0.33  5.68  1.63  0  0  0  0 
23-Nov-2007  09:03:53 1.78  0.14  72.79  2.18  6.11 -3.67  0  1  0  1 
23-Nov-2007  09:03:54 1.07  0.12  73.35  1.08  25.42 -21.14  0  1  1  1 
23-Nov-2007  09:03:55 1.28  0.23  70.21  2.37  8.07 -4.73  0  0  0  0 
23-Nov-2007  09:03:55 1.88  0.16  69.15  1.47  6.51 -3.18  0  1  0  1 
23-Nov-2007  09:03:56 0.50  0.17  68.24  1.56  8.12 -3.84  0  0  0  0 
23-Nov-2007  09:04:00 3.79  0.27  68.06  1.85  5.96 -2.47  0  1  0  1 
23-Nov-2007  09:04:03 1.42  0.24  65.06  0.95  10.01 -5.02  0  0  0  0 
23-Nov-2007  09:04:02 2.06  0.41  67.61  0.76  7.66  2.17  0  0  0  1 
23-Nov-2007  09:04:04 3.89  0.26  71.87  1.47  8.04 -4.77  1  1  0  1 
23-Nov-2007  09:04:05 1.34  0.36  71.67  1.10  5.97 -3.22  0  1  0  1 
23-Nov-2007  09:04:10 1.05  0.20  68.24  1.13  9.12 -4.78  0  0  0  0 
23-Nov-2007  09:04:12 1.47  0.14  74.96  1.71  8.35 -6.39  0  1  0  1 
23-Nov-2007  09:04:13 1.00  0.15  69.27  1.53  9.48 -5.04  0  1  0  1 
23-Nov-2007  09:04:16 0.69  0.18  71.40  1.37  7.42 -4.53  0  1  0  1 
23-Nov-2007  09:04:18 1.67  0.24  69.99  1.48  10.30 -6.80  0  1  1  1 
23-Nov-2007  09:04:19 1.27  0.17  69.16  1.00  5.10 -2.00  0  0  0  1 
23-Nov-2007  09:04:24 0.59  0.18  74.00  1.74  22.68 -18.30  0  0  0  1 
23-Nov-2007  09:04:29 3.14  0.11  72.07  1.44  5.17 -2.10  0  0  0  1 
23-Nov-2007  09:04:30 2.48  0.19  63.73  0.41  9.42  2.32  0  0  0  0 
23-Nov-2007  09:04:33 1.23  0.16  71.80  2.92  8.29 -4.97  0  0  0  0 
23-Nov-2007  09:04:37 1.86  0.15  71.73  0.96  14.21 -10.02  0  1  0  1 
23-Nov-2007  09:04:38 1.67  0.19  66.13  1.42  6.36 -2.50  0  0  0  0 
23-Nov-2007  09:04:40 2.56  0.15  69.34  1.44  6.00 -2.40  0  0  0  1 
23-Nov-2007  09:04:43 0.65  0.08  72.78  2.69  10.00 -6.91  0  0  0  0 
23-Nov-2007  09:04:47 0.86  0.45  58.58  0.62  7.93  1.62  0  0  0  0 
23-Nov-2007  09:04:49 1.23  0.17  71.28  1.59  8.79 -4.86  0  0  0  1 
23-Nov-2007  09:04:52 0.34  0.06  73.93  0.93  8.41 -5.42  0  0  0  0 
23-Nov-2007  09:04:53 1.10  0.10  67.36  0.75  7.90  2.18  0  0  0  0 
23-Nov-2007  09:04:54 0.55  0.07  71.47  2.00  6.31 -3.38  0  0  0  0 
23-Nov-2007  09:04:55 1.14  0.18  71.48  1.72  6.65 -3.43  0  1  0  1 
23-Nov-2007  09:04:57 1.34  0.15  71.52  1.68  8.39 -5.25  0  0  0  1 
23-Nov-2007  09:04:57 1.43  0.19  70.82  1.54  6.12 -2.81  0  0  0  1 
23-Nov-2007  09:04:59 0.66  0.24  70.32  1.73  10.12 -6.42  0  0  0  0 
23-Nov-2007  09:05:00 1.27  0.16  69.41  1.09  7.07 -3.42  0  1  0  0 
23-Nov-2007  09:05:01 0.73  0.19  69.24  1.98  10.84 -6.57  0  1  0  1 
23-Nov-2007  09:05:10 1.12  0.21  66.60  1.60  6.46 -2.55  0  0  0  0 
23-Nov-2007  09:05:10 1.12  0.22  68.68  1.26  8.09 -3.84  0  0  0  1 
23-Nov-2007  09:05:13 1.93  0.16  69.72  0.01  5.87  1.48  0  0  0  0 
23-Nov-2007  09:05:20 2.98  0.21  75.24  1.53  8.00 -5.21  0  0  0  0 
23-Nov-2007  09:05:24 0.86  0.12  72.18  2.40  10.29 -6.51  0  0  0  1 
23-Nov-2007  09:05:27 2.27  0.25  69.29  2.24  8.24 -4.48  0  1  0  1 
23-Nov-2007  09:05:29 1.79  0.20  70.53  1.37  5.37 -2.17  0  0  0  1 
23-Nov-2007  09:05:30 0.42  0.09  73.93  2.35  7.26 -4.93  0  0  0  0 
23-Nov-2007  09:05:39 3.22  0.25  71.77  0.87  6.56  1.88  1  0  1  1 
23-Nov-2007  09:05:40 1.28  0.13  72.11  1.27  11.88 -8.02  0  1  0  1 
23-Nov-2007  09:05:38 2.48  0.59  71.16 -1.59  7.31  2.06  1  0  1  1 
23-Nov-2007  09:05:46 2.47  0.27  65.74  0.43  9.25  2.33  0  0  0  0 
23-Nov-2007  09:05:58 0.64  0.15  72.41  2.08  9.65 -6.17  0  0  0  0 
23-Nov-2007  09:05:59 0.75  0.11  72.58  1.50  8.51 -5.55  0  0  0  1 
23-Nov-2007  09:06:01 0.64  0.12  72.09  1.17  8.31 -5.11  0  0  0  0 
23-Nov-2007  09:06:04 0.53  0.23  69.44  1.24  8.67 -4.99  0  0  0  0 
23-Nov-2007  09:06:06 2.23  0.31  71.89  1.56  8.23 -5.38  0  1  1  1 
23-Nov-2007  09:06:06 0.54  0.13  73.95  1.26  6.40 -4.25  0  0  0  0 
23-Nov-2007  09:06:07 1.05  0.11  73.61  1.76  8.17 -5.26  0  1  0  1 
23-Nov-2007  09:06:15 0.69  0.06  73.26  0.92  12.38 -8.96  0  0  0  0 
23-Nov-2007  09:06:15 1.28  0.18  66.45  1.56  8.82 -4.26  0  1  0  1 
23-Nov-2007  09:06:17 0.90  0.12  67.25  0.46  7.55  2.25  0  0  0  0 
23-Nov-2007  09:06:28 0.93  0.15  71.41  1.80  8.30 -5.15  0  0  0  1 
23-Nov-2007  09:06:43 0.30  0.11  72.53  1.36  8.48 -5.67  0  0  0  0 
23-Nov-2007  09:06:49 0.92  0.07  70.07  1.38  8.92 -5.39  0  0  0  1 
23-Nov-2007  09:06:52 0.71  0.10  67.68  1.14  9.31 -5.18  0  0  0  0 
23-Nov-2007  09:06:51 1.47  0.38  59.39  1.86  9.74 -3.87  0  0  0  0 
23-Nov-2007  09:06:56 2.29  0.24  69.37  1.01  6.72 -3.16  0  0  0  0 
23-Nov-2007  09:06:57 1.54  0.19  70.19  2.24  8.96 -5.34  0  0  0  0 
23-Nov-2007  09:07:02 0.69  0.13  74.56  1.33  7.35 -5.21  0  1  0  0 
23-Nov-2007  09:07:08 0.79  0.15  70.68  1.02  11.42 -7.63  0  0  0  0 
23-Nov-2007  09:07:09 0.34  0.08  75.11  1.33  7.41 -5.40  0  0  0  0 
23-Nov-2007  09:07:15 0.53  0.10  72.90  1.16  8.62 -5.34  0  0  0  0 
23-Nov-2007  09:07:19 0.78  0.16  73.41  1.22  8.16 -5.41  0  1  1  0 
23-Nov-2007  09:07:21 0.83  0.15  68.49  0.34  7.83  2.14  0  0  0  0 
23-Nov-2007  09:07:22 0.71  0.16  73.43  0.78  6.27  1.94  0  1  0  0 
23-Nov-2007  09:07:27 0.89  0.08  71.88  0.82  7.24  2.16  0  0  0  1 
23-Nov-2007  09:07:30 0.76  0.13  72.56  1.91  8.55 -5.34  0  1  0  1 
23-Nov-2007  09:07:31 0.34  0.07  73.70  2.18  5.83 -3.59  0  1  0  1 
23-Nov-2007  09:07:32 0.72  0.08  72.28  2.24  5.63 -3.05  0  0  0  0 
23-Nov-2007  09:07:33 1.40  0.24  69.38  0.93  5.29 -1.95  0  1  0  0 
23-Nov-2007  09:07:37 0.47  0.06  71.64  1.24  7.20 -4.05  0  0  1  1 
23-Nov-2007  09:07:38 0.54  0.12  71.28  0.91  7.45 -3.77  0  0  0  0 
23-Nov-2007  09:07:39 0.65  0.07  70.44  1.06  7.65 -4.17  0  1  0  1 
23-Nov-2007  09:07:39 0.26  0.05  75.04  1.82  7.53 -5.37  0  0  0  0 
23-Nov-2007  09:07:42 0.47  0.07  70.86  2.69  7.75 -4.25  0  0  0  0 
23-Nov-2007  09:07:43 0.50  0.03  76.95  0.72  5.46  2.52  0  0  0  0 
23-Nov-2007  09:07:45 0.87  0.14  69.13  1.30  7.05 -3.22  0  0  0  0 
23-Nov-2007  09:07:48 0.96  0.10  69.36  0.68  7.22  1.92  0  0  1  0 
23-Nov-2007  09:07:49 1.02  0.07  69.82  2.92  9.46 -5.20  0  0  1  0 
23-Nov-2007  09:07:50 2.03  0.35  64.25  2.45  10.77 -5.23  0  1  0  1 
23-Nov-2007  09:07:50 1.78  0.22  65.92  2.60  8.42 -4.11  0  0  1  0 
23-Nov-2007  09:07:51 1.17  0.19  66.76  1.50  6.68 -3.05  0  1  0  1 
23-Nov-2007  09:07:55 1.48  0.13  72.03  1.28  7.91 -5.36  0  1  1  1 
23-Nov-2007  09:07:55 2.34  0.19  70.93  1.34  8.35 -5.04  0  0  0  1 
23-Nov-2007  09:07:58 0.74  0.23  73.21  1.28  12.04 -8.50  0  1  0  1 
23-Nov-2007  09:08:09 2.77  0.24  69.20  1.25  5.27 -2.38  0  1  0  1 
23-Nov-2007  09:08:11 1.22  0.08  71.69  2.62  10.14 -7.14  0  0  1  1 
23-Nov-2007  09:08:13 1.14  0.15  70.62  1.91  7.79 -4.04  0  0  0  1 
23-Nov-2007  09:08:22 0.77  0.10  73.06  1.47  5.94 -3.13  0  1  1  1 
23-Nov-2007  09:08:22 0.81  0.05  74.21  0.54  6.54  2.33  0  0  1  0 
23-Nov-2007  09:08:22 1.63  0.12  64.79  3.13  5.40 -1.93  0  0  0  1 
23-Nov-2007  09:08:25 1.30  0.03  68.61  0.75  10.37  3.09  0  0  0  0 
23-Nov-2007  09:08:28 0.56  0.18  69.85  0.83  7.25  2.05  0  0  0  0 
23-Nov-2007  09:08:31 1.48  0.11  68.64  0.68  7.01  1.73  0  1  0  1 
23-Nov-2007  09:08:32 0.98  0.19  70.06  0.70  9.17  3.02  0  1  0  0 
23-Nov-2007  09:08:39 1.23  0.03  69.52  2.81  9.02 -5.25  0  0  0  0 
23-Nov-2007  09:08:41 0.62  0.08  70.55  1.72  9.07 -5.14  0  0  0  0 
23-Nov-2007  09:08:43 1.40  0.13  65.77  0.42  6.89  1.52  0  0  0  0 
23-Nov-2007  09:08:43 1.03  0.13  69.79  0.40  9.82  3.09  0  0  0  1 
23-Nov-2007  09:08:43 0.96  0.08  69.29  3.09  7.17 -3.41  0  0  0  0 
23-Nov-2007  09:08:45 0.74  0.19  67.81  1.76  7.08 -3.03  0  0  0  0 
23-Nov-2007  09:08:48 0.81  0.08  69.29  1.29  8.80 -5.45  0  0  0  0 
23-Nov-2007  09:08:53 1.24  0.27  67.24  1.76  6.03 -2.30  0  0  0  0 
23-Nov-2007  09:08:56 1.03  0.13  72.13 -3.03  6.05  1.77  0  0  0  0 
23-Nov-2007  09:08:59 1.44  0.43  67.26  0.45  8.84  2.33  0  1  0  0 
23-Nov-2007  09:09:01 0.85  0.13  70.44  1.22  6.15 -2.67  0  0  0  0 
23-Nov-2007  09:09:05 1.78  0.10  69.88  0.59  7.37  2.45  0  0  0  1 
23-Nov-2007  09:09:12 5.32  0.23  69.84  0.49  5.66  1.48  0  1  0  0 
23-Nov-2007  09:09:14 0.59  0.11  70.12  2.30  6.93 -3.39  0  0  0  0 
23-Nov-2007  09:09:19 0.43  0.02  71.67  0.44  5.69  1.44  0  0  0  0 
23-Nov-2007  09:09:21 0.74  0.06  72.07  1.44  7.23 -4.20  0  0  0  0 
23-Nov-2007  09:09:22 0.75  0.06  76.26  0.12  9.92  5.06  0  1  0  0 
23-Nov-2007  09:09:23 0.73  0.09  65.28  2.82  9.54 -4.23  0  0  0  0 
23-Nov-2007  09:09:26 2.29  0.19  65.99  1.17  6.05 -2.25  0  0  0  0 
23-Nov-2007  09:09:27 1.43  0.12  68.35  3.08  8.44 -4.17  0  0  0  1 
23-Nov-2007  09:09:32 0.68  0.18  72.41  0.93  8.59 -5.50  0  0  0  0 
23-Nov-2007  09:09:35 1.09  0.11  71.58  2.18  11.64 -7.88  0  0  0  0 
23-Nov-2007  09:09:35 0.66  0.19  69.10  0.55  11.72  4.13  0  0  0  0 
23-Nov-2007  09:09:36 1.14  0.02  73.11  0.25  7.71  2.99  0  0  0  0 
23-Nov-2007  09:09:41 0.57  0.07  71.79  2.52  7.92 -4.35  0  0  0  0 
23-Nov-2007  09:09:48 0.65  0.08  68.47  1.52  8.43 -4.02  0  0  0  0 
23-Nov-2007  09:09:49 0.65  0.08  69.55  1.51  8.90 -5.11  0  0  0  0 
23-Nov-2007  09:09:53 0.91  0.09  70.66  2.15  6.37 -3.05  0  0  0  1 
23-Nov-2007  09:09:57 0.49  0.11  72.09  1.71  8.79 -5.44  0  0  0  0 
23-Nov-2007  09:09:59 3.23  0.16  68.50  1.32  6.64 -2.97  0  0  0  1 
23-Nov-2007  09:10:00 1.01  0.07  71.06  0.67  6.02  1.65  0  0  1  0 
23-Nov-2007  09:10:01 0.72  0.06  73.93  0.40  6.32  2.26  0  0  0  0 
23-Nov-2007  09:10:03 1.11  0.10  70.13  0.61  6.98  2.10  0  0  1  0 
23-Nov-2007  09:10:04 0.39  0.14  70.85  1.19  8.86 -5.06  0  0  1  0 
23-Nov-2007  09:10:04 0.41  0.04  74.72  2.72  7.55 -5.57  0  0  0  0 
23-Nov-2007  09:10:11 0.73  0.15  71.79  2.54  8.46 -5.18  0  0  0  1 
23-Nov-2007  09:10:12 3.74  0.29  67.01  2.80  10.23 -5.15  0  1  0  1 
23-Nov-2007  09:10:15 0.45  0.21  65.38  0.96  11.07 -5.25  0  0  0  0 
23-Nov-2007  09:10:17 0.86  0.20  66.70  1.84  5.79 -2.13  0  0  0  0 
23-Nov-2007  09:10:17 0.55  0.30  69.42  1.64  7.00 -3.20  0  0  1  0 
23-Nov-2007  09:10:18 0.48  0.22  69.44  2.27  9.29 -5.03  0  0  1  0 
23-Nov-2007  09:10:18 0.61  0.18  65.42  2.44  6.13 -2.56  0  0  0  0 
23-Nov-2007  09:10:20 1.37  0.13  72.11  1.37  5.99 -3.47  0  0  0  1 
23-Nov-2007  09:10:22 0.57  0.06  73.18  1.26  7.51 -5.19  0  1  0  1 
23-Nov-2007  09:10:23 0.88  0.12  72.74  1.50  10.10 -7.24  0  1  1  1 
23-Nov-2007  09:10:22 1.68  0.12  63.26  1.38  7.14 -2.56  0  0  1  0 
23-Nov-2007  09:10:25 1.65  0.09  74.70  1.25  6.98 -4.95  0  0  0  0 
23-Nov-2007  09:10:26 0.98  0.19  72.42  1.93  9.21 -5.54  0  0  1  0 
23-Nov-2007  09:10:33 1.20  0.14  70.68  0.92  8.06 -4.06  0  0  0  1 
23-Nov-2007  09:10:34 0.86  0.06  73.03  1.04  6.64 -4.10  0  0  0  0 
23-Nov-2007  09:10:38 0.91  0.07  69.63  1.38  8.59 -5.01  0  0  0  0 
23-Nov-2007  09:10:40 1.39  0.11  68.32  1.94  5.84 -2.55  0  0  0  0 
23-Nov-2007  09:10:43 0.64  0.12  72.42  1.69  8.28 -4.97  0  0  0  0 
23-Nov-2007  09:10:44 0.90  0.11  73.42  1.11  7.77 -5.19  0  1  0  1 
23-Nov-2007  09:10:45 0.61  0.05  73.43  0.88  6.54  2.10  0  0  0  0 
23-Nov-2007  09:10:48 0.66  0.07  71.51  1.88  9.30 -6.56  0  1  0  1 
23-Nov-2007  09:11:03 1.56  0.13  70.76  1.21  6.88 -3.27  0  0  0  1 
23-Nov-2007  09:11:05 0.58  0.14  70.15  0.68  7.28  2.11  0  0  0  0 
23-Nov-2007  09:11:07 0.72  0.13  69.85  1.38  7.49 -3.86  0  0  0  0 
23-Nov-2007  09:11:08 1.37  0.20  71.55  1.04  8.65 -5.42  0  0  0  0 
23-Nov-2007  09:11:11 5.48  0.53  51.04  1.48  4.22 -1.50  1  0  0  1 
23-Nov-2007  09:11:11 1.30  0.13  71.73  1.75  7.02 -3.99  0  0  0  0 
23-Nov-2007  09:11:16 0.61  0.08  71.13  0.65  6.85  2.22  0  0  0  0 
23-Nov-2007  09:11:18 1.07  0.16  67.78  1.09  9.77 -5.15  0  0  0  0 
23-Nov-2007  09:11:19 0.77  0.16  72.79  2.11  6.80 -4.08  0  0  0  0 
23-Nov-2007  09:11:23 1.68  0.31  71.39  3.08  7.37 -3.90  0  1  1  0 
23-Nov-2007  09:11:24 1.26  0.13  69.22  0.61  10.27  2.98  0  0  0  1 
23-Nov-2007  09:11:25 1.35  0.13  69.13  0.50  9.75  2.94  0  0  1  0 
23-Nov-2007  09:11:26 0.98  0.14  69.21  1.24  6.70 -3.19  0  0  0  0 
23-Nov-2007  09:11:30 0.98  0.20  67.44  2.01  7.92 -3.70  0  0  0  0 
23-Nov-2007  09:11:32 3.57  0.17  69.46  0.74  5.95  1.43  0  1  0  1 
23-Nov-2007  09:11:37 0.86  0.07  72.31  1.22  7.81 -5.16  0  0  0  0 
23-Nov-2007  09:11:40 0.75  0.07  71.13  0.84  9.72 -5.28  0  0  0  0 
