Floating wood at Chazey for flood on 20080407
Date Time Length(m) Diameter(m) Position(m) Angle(rad) Velocity(m/s) Rotation(rad/s) Roots(1/0) Branches(1/0) Grouped(1/0) PartSubmerged(1/0)
11-Apr-2008  07:05:20 0.41  0.06  72.80  1.83  9.05 -1.96  0  0  0  0 
11-Apr-2008  07:05:21 0.73  0.08  73.68  2.46  8.37 -1.95  0  0  0  0 
11-Apr-2008  07:05:27 0.43  0.05  75.88  1.69  16.85 -5.55  0  0  0  0 
11-Apr-2008  07:05:29 0.41  0.05  75.97  0.79  9.02 -2.88  0  0  0  0 
11-Apr-2008  07:05:30 0.70  0.06  72.31  1.38  9.27 -1.96  0  0  0  0 
11-Apr-2008  07:05:33 0.27  0.11  72.61  1.58  7.17 -1.41  0  0  0  0 
11-Apr-2008  07:05:41 0.43  0.08  71.85  1.22  11.52 -3.02  0  0  0  1 
11-Apr-2008  07:05:41 1.25  0.08  72.70  0.61  8.36 -1.86  0  0  0  1 
11-Apr-2008  07:05:53 0.74  0.14  71.66  2.12  5.91 -1.03  0  0  0  0 
11-Apr-2008  07:05:55 0.25  0.08  75.44  1.50  4.79 -0.95  0  1  0  0 
11-Apr-2008  07:05:56 1.01  0.06  72.17  0.95  7.69 -1.49  0  0  0  0 
11-Apr-2008  07:06:00 0.96  0.07  73.24  1.06  14.65 -3.73  0  0  0  0 
11-Apr-2008  07:05:55 5.83  0.57  33.27  1.95  4.46 -0.38  1  1  0  1 
11-Apr-2008  07:06:22 0.72  0.06  76.52  0.50  17.18 -5.75  0  0  0  0 
11-Apr-2008  07:06:30 1.34  0.07  71.59  1.04  7.56 -1.44  0  0  1  0 
11-Apr-2008  07:06:30 1.59  0.18  71.89  2.41  8.19 -1.65  0  0  1  0 
11-Apr-2008  07:06:39 0.71  0.08  78.28  1.72  32.57 -13.12  0  0  0  0 
11-Apr-2008  07:06:40 1.35  0.12  73.96  0.97  14.11 -3.92  0  0  0  0 
11-Apr-2008  07:06:46 1.31  0.15  71.44  1.86  7.81 -1.50  0  0  0  0 
11-Apr-2008  07:06:47 0.57  0.12  72.98  1.05  9.84 -2.32  0  0  0  1 
11-Apr-2008  07:07:00 1.97  0.13  67.83  0.28  12.56 -2.54  0  0  0  0 
11-Apr-2008  07:07:03 1.13  0.13  71.51  1.33  8.64 -1.62  0  0  0  0 
11-Apr-2008  07:07:05 0.74  0.12  74.31  1.37  35.80 -11.19  0  0  0  0 
11-Apr-2008  07:07:08 2.02  0.08  71.55  1.59  11.74 -2.95  0  0  0  0 
11-Apr-2008  07:07:10 1.50  0.08  75.31  2.10  10.10 -3.02  0  0  0  1 
11-Apr-2008  07:07:09 0.33  0.11  74.46  1.53  8.67 -2.40  0  0  0  0 
11-Apr-2008  07:07:13 0.93  0.13  71.73  1.52  8.89 -1.71  0  0  0  0 
11-Apr-2008  07:07:15 0.92  0.08  73.39  0.27  11.11 -3.06  0  0  0  0 
11-Apr-2008  07:07:21 1.76  0.09  66.88  0.27  8.67 -1.49  0  0  0  0 
11-Apr-2008  07:07:26 1.27  0.07  73.04  1.54  10.86 -2.92  0  0  0  0 
11-Apr-2008  07:07:26 0.98  0.07  73.74  1.68  10.53 -2.85  0  0  0  0 
11-Apr-2008  07:07:35 1.46  0.07  75.08  2.05  8.86 -2.32  0  0  0  0 
11-Apr-2008  07:07:37 0.53  0.09  75.19  1.60  9.47 -2.40  0  0  0  0 
11-Apr-2008  07:07:39 1.14  0.17  70.69  1.92  11.71 -2.48  0  0  0  0 
11-Apr-2008  07:07:42 0.99  0.07  74.11  0.81  10.90 -3.11  0  0  0  0 
11-Apr-2008  07:07:43 0.42  0.13  74.94  1.97  9.38 -2.40  0  0  0  0 
11-Apr-2008  07:07:45 0.90  0.08  76.29  1.70  8.44 -2.46  0  0  0  0 
11-Apr-2008  07:07:48 0.44  0.06  74.02  1.10  8.46 -2.30  0  0  0  0 
11-Apr-2008  07:07:49 3.90  0.14  72.97  0.79  8.28 -1.71  0  1  0  1 
11-Apr-2008  07:07:50 1.70  0.08  76.25  0.97  9.15 -2.87  0  1  0  1 
11-Apr-2008  07:07:55 1.92  0.21  73.65  1.44  10.47 -2.43  0  0  0  0 
11-Apr-2008  07:07:56 2.17  0.23  67.64  1.98  8.05 -1.30  0  0  0  0 
11-Apr-2008  07:08:05 3.36  0.16  76.19  1.82  5.76 -1.31  0  0  0  0 
11-Apr-2008  07:08:06 4.29  1.48  38.64  1.88  7.77 -0.72  1  0  0  1 
11-Apr-2008  07:08:09 0.44  0.09  71.77  1.99  12.88 -3.09  0  0  0  0 
11-Apr-2008  07:08:21 1.05  0.15  70.99  1.12  7.95 -1.50  0  0  0  0 
11-Apr-2008  07:08:25 1.26  0.08  72.01  0.89  10.62 -2.54  0  0  0  0 
11-Apr-2008  07:08:34 0.75  0.13  72.08  1.39  9.90 -2.35  0  0  0  0 
11-Apr-2008  07:08:35 0.88  0.10  76.06  1.30  11.90 -3.97  0  0  0  1 
11-Apr-2008  07:08:37 0.44  0.15  75.35  1.13  9.93 -2.73  0  0  0  0 
11-Apr-2008  07:08:42 0.93  0.08  75.46  2.30  11.74 -3.65  0  0  0  1 
11-Apr-2008  07:08:56 1.61  0.12  72.67  3.02  7.68 -1.53  0  0  0  0 
11-Apr-2008  07:09:02 0.30  0.05  76.21  2.35  9.94 -2.88  0  0  0  0 
11-Apr-2008  07:09:08 1.08  0.18  71.76  0.62  11.16 -2.93  0  0  0  1 
11-Apr-2008  07:09:10 3.00  0.27  72.45  0.79  14.16 -3.79  1  0  0  1 
11-Apr-2008  07:09:20 0.96  0.16  70.00  1.24  13.02 -2.90  0  0  0  0 
11-Apr-2008  07:09:27 0.40  0.10  74.91  1.58  9.33 -2.35  0  0  0  0 
11-Apr-2008  07:09:28 1.27  0.09  72.81  2.71  8.08 -1.66  0  0  0  0 
11-Apr-2008  07:09:28 1.19  0.10  66.18  0.34  14.14 -2.84  0  0  0  0 
11-Apr-2008  07:09:27 0.69  0.08  74.46  0.53  9.36 -2.44  0  1  0  0 
11-Apr-2008  07:09:30 0.97  0.09  76.46  0.79  9.80 -3.02  0  0  0  0 
11-Apr-2008  07:09:36 1.13  0.08  76.83  1.55  9.04 -2.95  0  0  0  1 
11-Apr-2008  07:09:50 0.45  0.04  75.59  2.58  10.60 -2.98  0  0  0  0 
11-Apr-2008  07:09:51 0.62  0.08  73.75  0.86  14.69 -4.09  0  0  0  0 
11-Apr-2008  07:09:58 0.89  0.10  73.26  2.79  11.97 -2.95  0  0  0  0 
11-Apr-2008  07:10:03 0.78  0.09  75.96  1.67  8.34 -2.34  0  0  0  0 
11-Apr-2008  07:10:05 0.31  0.08  77.35  1.57  9.02 -3.04  0  0  0  0 
11-Apr-2008  07:10:08 0.94  0.11  74.20  1.91  11.99 -3.19  0  0  0  0 
11-Apr-2008  07:10:22 0.85  0.14  72.14  1.39  15.19 -3.90  0  0  0  0 
11-Apr-2008  07:10:26 0.66  0.09  75.34  1.55  10.66 -2.99  0  0  0  0 
11-Apr-2008  07:10:30 2.01  0.08  75.03  0.46  10.50 -2.80  0  1  0  0 
11-Apr-2008  07:10:35 0.51  0.16  69.78  2.25  8.71 -1.62  0  0  0  0 
11-Apr-2008  07:10:36 0.50  0.09  71.52  0.64  13.12 -2.97  0  0  0  0 
11-Apr-2008  07:10:43 0.75  0.11  74.26  1.36  11.21 -2.93  0  0  0  1 
11-Apr-2008  07:11:07 0.80  0.09  75.30  1.57  8.66 -2.27  0  0  0  0 
11-Apr-2008  07:11:14 1.73  0.05  75.03  1.16  10.27 -2.80  0  0  0  0 
11-Apr-2008  07:11:22 0.80  0.13  72.29  1.06  12.22 -2.78  0  0  0  0 
11-Apr-2008  07:11:34 0.87  0.10  69.46  1.01  12.56 -2.64  0  0  0  0 
11-Apr-2008  07:11:58 0.65  0.04  76.28  1.47  8.72 -2.63  0  0  0  0 
11-Apr-2008  07:12:02 0.52  0.07  73.84  0.41  7.72 -1.65  0  0  0  0 
11-Apr-2008  07:12:06 1.03  0.02  77.38  0.66  7.81 -2.67  0  0  0  0 
11-Apr-2008  07:12:32 0.35  0.06  74.25  1.03  39.58 -12.13  0  0  0  0 
11-Apr-2008  07:12:33 0.78  0.11  74.04  1.63  11.03 -2.80  0  0  0  0 
11-Apr-2008  07:12:40 0.69  0.07  70.93  1.70  8.07 -1.63  0  0  0  0 
11-Apr-2008  07:12:48 0.87  0.09  72.33  0.34  12.67 -2.85  0  0  0  0 
11-Apr-2008  07:12:51 1.23  0.05  76.29  0.93  8.53 -2.72  0  0  0  0 
11-Apr-2008  07:13:11 0.70  0.08  73.65  2.66  9.84 -2.57  0  0  0  0 
11-Apr-2008  07:13:19 0.92  0.12  75.15  1.02  12.21 -3.74  0  0  0  0 
11-Apr-2008  07:13:33 0.41  0.15  70.34  1.40  7.39 -1.31  0  0  0  0 
11-Apr-2008  07:13:39 1.41  0.07  74.49  0.81  7.65 -1.84  0  0  0  0 
11-Apr-2008  07:13:44 1.28  0.08  71.64  1.02  7.94 -1.54  0  0  0  0 
11-Apr-2008  07:13:54 0.97  0.10  74.47  1.30  8.24 -1.79  0  0  0  0 
11-Apr-2008  07:14:32 1.34  0.12  74.31  1.19  11.28 -3.17  0  1  0  1 
11-Apr-2008  07:14:44 2.20  0.10  73.90  1.34  7.35 -1.75  0  1  0  1 
11-Apr-2008  07:14:57 0.48  0.18  72.70  1.84  12.92 -3.18  0  0  0  0 
11-Apr-2008  07:15:28 0.54  0.07  75.28  2.25  9.94 -2.97  0  0  0  0 
11-Apr-2008  07:15:50 0.89  0.06  72.18  1.38  11.00 -2.45  0  0  0  0 
11-Apr-2008  07:16:11 1.03  0.16  71.99  1.04  13.01 -3.35  0  0  0  1 
11-Apr-2008  07:16:15 1.11  0.13  75.51  1.57  9.38 -2.51  0  1  0  0 
11-Apr-2008  07:16:21 1.19  0.09  75.87  0.98  14.09 -4.30  0  1  0  0 
11-Apr-2008  07:17:01 1.05  0.05  72.87  2.58  13.04 -3.34  0  0  0  0 
11-Apr-2008  07:17:32 0.92  0.10  74.16  1.56  12.82 -3.40  0  0  0  0 
11-Apr-2008  07:17:45 0.91  0.14  71.03  1.39  10.18 -2.13  0  0  0  0 
11-Apr-2008  07:17:53 0.30  0.07  79.24  1.30  4.04 -1.27  0  0  0  0 
11-Apr-2008  07:18:26 2.52  0.25  62.68  0.35  6.58 -0.82  0  0  0  0 
11-Apr-2008  07:18:34 0.79  0.09  73.53  2.08  7.75 -1.61  0  0  0  0 
11-Apr-2008  07:18:47 1.31  0.10  73.99  1.43  6.62 -1.45  0  0  0  1 
11-Apr-2008  07:18:52 0.79  0.07  73.10  2.50  11.65 -3.15  0  0  0  0 
11-Apr-2008  07:18:55 0.53  0.14  71.46  1.00  8.89 -1.75  0  0  0  0 
11-Apr-2008  07:19:01 0.72  0.07  73.65  2.67  12.36 -3.39  0  0  0  0 
11-Apr-2008  07:19:02 0.97  0.19  70.12  1.94  13.42 -3.17  0  0  1  0 
11-Apr-2008  07:19:02 2.23  0.25  70.59  0.19  8.63 -1.82  0  0  1  0 
11-Apr-2008  07:19:03 1.22  0.21  71.45  0.39  9.21 -1.77  0  0  0  0 
11-Apr-2008  07:19:06 0.42  0.10  74.74  1.35  7.77 -1.84  0  0  0  0 
11-Apr-2008  07:19:07 0.74  0.15  73.37  2.30  12.31 -3.21  0  0  0  0 
11-Apr-2008  07:19:10 1.71  0.12  73.36  0.94  7.82 -1.62  0  0  0  0 
11-Apr-2008  07:19:31 1.93  0.15  70.61  1.32  8.60 -1.64  0  0  0  0 
11-Apr-2008  07:19:34 2.75  0.13  72.22  1.29  10.36 -2.40  0  1  0  1 
11-Apr-2008  07:19:41 2.16  0.10  70.84  0.72  9.09 -1.83  0  0  0  1 
11-Apr-2008  07:19:50 0.60  0.19  75.54  1.84  9.84 -2.60  0  0  0  0 
11-Apr-2008  07:20:03 1.52  0.24  66.89  0.69  12.64 -2.51  0  0  0  0 
