Floating wood at Chazey for flood on 20080407
Date Time Length(m) Diameter(m) Position(m) Angle(rad) Velocity(m/s) Rotation(rad/s) Roots(1/0) Branches(1/0) Grouped(1/0) PartSubmerged(1/0)
11-Apr-2008  15:05:20 1.27  0.06  77.68  0.74  7.02 -1.42  0  0  0  0 
11-Apr-2008  15:05:21 1.79  0.11  74.46  1.41  11.49 -1.94  0  1  0  1 
11-Apr-2008  15:05:21 0.51  0.09  75.48  0.78  12.14 -2.22  0  0  0  0 
11-Apr-2008  15:05:28 0.68  0.20  73.52  1.93  12.38 -1.88  0  1  0  0 
11-Apr-2008  15:05:28 0.34  0.07  73.58  1.20  17.65 -3.32  0  0  0  0 
11-Apr-2008  15:05:30 1.19  0.09  71.29  0.82  10.97 -1.35  0  0  0  0 
11-Apr-2008  15:05:32 0.61  0.08  71.59  1.16  13.89 -2.01  0  0  0  0 
11-Apr-2008  15:05:33 1.79  0.09  74.02  0.32  13.74 -2.30  0  0  0  0 
11-Apr-2008  15:05:36 0.27  0.03  81.36  1.16  4.48 -1.21  0  0  0  0 
11-Apr-2008  15:05:40 0.86  0.13  74.68  0.67  11.84 -2.02  0  0  0  1 
11-Apr-2008  15:05:40 1.20  0.14  74.35  0.61  19.65 -3.50  0  0  1  1 
11-Apr-2008  15:05:44 0.37  0.09  70.85  1.86  13.79 -2.01  0  0  0  0 
11-Apr-2008  15:05:45 1.47  0.06  73.50  1.30  8.67 -1.29  0  0  0  1 
11-Apr-2008  15:05:52 0.92  0.10  71.57  0.78  19.54 -3.10  0  0  0  0 
11-Apr-2008  15:05:52 0.94  0.10  71.58  0.79  11.83 -1.58  0  0  0  0 
11-Apr-2008  15:05:54 0.87  0.12  76.03  2.47  14.93 -3.57  0  0  0  0 
11-Apr-2008  15:05:54 0.69  0.06  73.11  1.12  10.41 -1.62  0  0  0  0 
11-Apr-2008  15:06:06 0.28  0.05  79.25  1.57  3.75 -0.81  0  0  0  0 
11-Apr-2008  15:06:07 0.34  0.02  81.52  0.80  6.39 -1.88  0  0  0  0 
11-Apr-2008  15:06:08 2.86  0.22  72.46  1.55  14.26 -2.28  1  0  0  0 
11-Apr-2008  15:06:08 1.20  0.14  72.08  0.94  9.98 -1.43  1  1  1  0 
11-Apr-2008  15:06:09 0.69  0.16  72.25  1.19  15.44 -2.60  0  1  0  1 
11-Apr-2008  15:06:10 0.96  0.13  73.36  1.90  9.78 -1.44  0  0  0  0 
11-Apr-2008  15:06:11 0.73  0.13  73.91  1.56  11.93 -2.06  0  0  0  0 
11-Apr-2008  15:06:15 0.47  0.13  73.48  1.66  14.45 -2.43  0  0  0  0 
11-Apr-2008  15:06:16 1.22  0.06  74.67  1.51  13.62 -2.44  0  0  0  0 
11-Apr-2008  15:06:40 0.85  0.09  71.58  1.13  15.99 -2.39  0  0  0  0 
11-Apr-2008  15:06:41 0.57  0.06  73.80  1.28  8.11 -1.23  0  0  0  0 
11-Apr-2008  15:06:47 0.52  0.10  76.49  1.89  11.97 -2.49  0  0  0  0 
11-Apr-2008  15:06:47 0.93  0.14  67.78  0.93  17.04 -2.40  0  0  0  0 
11-Apr-2008  15:06:48 0.64  0.09  69.81  1.57  12.02 -1.62  0  0  0  0 
11-Apr-2008  15:06:52 0.87  0.04  77.86  1.30  10.51 -2.27  0  1  0  1 
11-Apr-2008  15:06:54 0.31  0.02  81.77  2.19  7.65 -2.52  0  0  0  0 
11-Apr-2008  15:06:58 0.76  0.05  76.00  1.24  12.64 -2.43  0  0  0  0 
11-Apr-2008  15:07:02 0.86  0.09  73.40  0.43  14.92 -2.28  0  0  0  0 
11-Apr-2008  15:07:07 0.24  0.03  80.95  1.31  15.82 -4.63  0  0  0  0 
11-Apr-2008  15:07:11 1.14  0.07  73.87  1.06  15.06 -2.50  0  0  0  0 
11-Apr-2008  15:07:12 0.56  0.06  74.51  1.67  13.80 -2.34  0  0  0  0 
11-Apr-2008  15:07:16 0.50  0.12  75.04  1.61  24.89 -4.81  0  0  0  0 
11-Apr-2008  15:07:22 0.88  0.05  71.50  2.23  15.81 -2.42  0  0  0  0 
11-Apr-2008  15:07:24 0.56  0.04  78.39  1.48  17.31 -4.39  0  0  0  0 
11-Apr-2008  15:07:25 0.64  0.10  73.57  0.11  14.53 -2.39  0  0  0  0 
11-Apr-2008  15:07:27 0.92  0.22  67.38  1.23  8.94 -1.04  0  0  0  0 
11-Apr-2008  15:07:42 0.97  0.15  73.36  2.18  8.39 -1.21  0  0  0  0 
11-Apr-2008  15:07:44 1.18  0.06  72.44  1.34  11.13 -1.58  0  0  0  0 
11-Apr-2008  15:07:48 0.86  0.07  76.08  2.15  23.17 -4.98  0  0  0  0 
11-Apr-2008  15:07:50 1.05  0.10  69.17  2.07  10.21 -1.27  0  0  0  0 
11-Apr-2008  15:07:55 1.49  0.11  74.76  0.76  14.44 -2.47  0  0  0  0 
11-Apr-2008  15:07:58 0.72  0.09  72.52  2.30  8.76 -1.24  0  0  0  0 
11-Apr-2008  15:08:01 0.40  0.08  74.18  2.78  14.66 -2.52  0  0  0  0 
11-Apr-2008  15:08:02 0.80  0.08  66.93  2.94  19.71 -2.46  0  0  0  0 
11-Apr-2008  15:08:07 1.64  0.06  75.46  1.98  9.34 -1.60  0  0  0  0 
11-Apr-2008  15:08:09 0.99  0.15  73.28  0.65  8.89 -1.26  0  0  0  0 
11-Apr-2008  15:08:11 1.05  0.13  74.07  1.61  14.57 -2.53  0  0  0  0 
11-Apr-2008  15:08:12 0.93  0.07  73.54  0.47  14.11 -2.44  0  0  0  0 
11-Apr-2008  15:08:27 0.59  0.06  78.32  0.13  17.25 -4.46  0  0  0  0 
11-Apr-2008  15:08:30 0.53  0.08  72.83  1.52  10.81 -1.58  0  0  0  0 
11-Apr-2008  15:08:31 1.22  0.12  71.87  0.35  9.55 -1.19  0  1  1  0 
11-Apr-2008  15:08:35 0.27  0.03  81.08  2.58  5.85 -1.64  0  0  0  0 
11-Apr-2008  15:08:36 0.50  0.06  76.69  2.27  22.80 -5.16  0  0  0  0 
11-Apr-2008  15:08:39 0.69  0.09  70.97  1.30  12.23 -1.73  0  0  0  0 
11-Apr-2008  15:08:44 1.25  0.08  71.75  1.79  17.02 -2.62  0  0  0  0 
11-Apr-2008  15:08:47 1.01  0.08  73.52  1.78  22.46 -4.18  0  0  0  0 
11-Apr-2008  15:08:49 1.21  0.10  75.33  1.83  7.56 -1.19  0  0  0  0 
11-Apr-2008  15:08:50 1.01  0.05  73.74  1.17  8.90 -1.15  0  0  0  0 
11-Apr-2008  15:08:52 0.90  0.07  72.59  1.61  9.34 -1.25  0  0  0  0 
11-Apr-2008  15:08:56 1.47  0.10  73.06  2.42  14.41 -2.48  0  0  1  1 
11-Apr-2008  15:08:56 1.46  0.12  74.87  1.58  12.88 -2.47  0  0  1  1 
11-Apr-2008  15:08:56 1.45  0.09  75.38  2.17  22.49 -4.87  0  0  1  0 
11-Apr-2008  15:08:58 5.04  0.55  72.65  0.80  8.95 -1.24  0  0  0  0 
11-Apr-2008  15:09:01 2.01  0.06  73.70  1.54  10.37 -1.61  0  0  0  0 
11-Apr-2008  15:09:03 0.46  0.11  71.75  2.29  9.63 -1.23  0  0  0  0 
11-Apr-2008  15:09:05 0.44  0.08  72.77  1.05  14.22 -2.48  0  0  0  0 
11-Apr-2008  15:09:06 1.03  0.05  76.03  1.42  24.61 -5.28  0  0  0  0 
11-Apr-2008  15:09:11 1.90  0.23  68.69  2.69  17.22 -2.42  0  0  0  0 
11-Apr-2008  15:09:13 0.43  0.05  76.77  0.69  11.53 -2.38  0  0  0  0 
11-Apr-2008  15:09:14 1.15  0.11  71.26  0.66  16.14 -2.59  0  0  1  0 
11-Apr-2008  15:09:14 0.77  0.09  69.64  1.32  9.99 -1.23  0  0  0  0 
11-Apr-2008  15:09:20 0.54  0.04  80.95  1.26  2.34 -0.60  0  0  0  0 
11-Apr-2008  15:09:22 0.87  0.16  71.68  0.96  11.42 -1.54  0  0  0  0 
11-Apr-2008  15:09:24 0.76  0.10  72.23  2.72  11.10 -1.66  0  0  0  0 
11-Apr-2008  15:09:27 0.35  0.07  74.25  1.88  10.23 -1.57  0  0  0  0 
11-Apr-2008  15:09:40 1.17  0.08  73.24  0.75  11.15 -1.63  0  0  1  1 
11-Apr-2008  15:09:40 1.56  0.16  73.04  0.49  8.35 -1.16  0  1  1  1 
11-Apr-2008  15:09:42 0.46  0.07  74.59  1.00  14.20 -2.50  0  0  0  0 
11-Apr-2008  15:09:43 1.08  0.07  75.01  0.74  14.90 -2.95  0  0  0  0 
11-Apr-2008  15:09:45 1.30  0.03  70.29 -0.27  23.38 -3.82  0  0  0  0 
11-Apr-2008  15:09:53 2.23  0.13  74.35  1.70  15.86 -2.85  0  1  0  1 
11-Apr-2008  15:09:57 1.37  0.09  70.91  0.52  10.77 -1.37  0  0  0  0 
11-Apr-2008  15:10:04 1.27  0.15  72.79  1.17  15.77 -2.61  0  1  0  0 
11-Apr-2008  15:10:05 0.67  0.11  74.55  2.15  33.74 -6.46  0  0  0  0 
11-Apr-2008  15:10:05 1.52  0.05  79.35  1.06  7.93 -1.81  0  0  0  0 
11-Apr-2008  15:10:05 0.58  0.01  81.05  0.67  9.23 -2.67  0  0  0  0 
11-Apr-2008  15:10:11 0.66  0.12  74.58  1.47  13.80 -2.45  0  0  0  0 
11-Apr-2008  15:10:12 0.64  0.05  75.24  1.29  12.89 -2.46  0  0  0  0 
11-Apr-2008  15:10:12 0.29  0.07  77.43  1.33  7.99 -1.51  0  0  0  0 
11-Apr-2008  15:10:19 0.39  0.12  74.48  1.09  8.58 -1.43  0  0  0  0 
11-Apr-2008  15:10:19 0.38  0.04  76.60  1.46  12.22 -2.37  0  0  0  0 
11-Apr-2008  15:10:24 0.58  0.07  75.34  2.00  45.30 -9.51  0  0  0  0 
11-Apr-2008  15:10:24 0.76  0.07  75.05  0.82  13.42 -2.39  0  0  0  0 
11-Apr-2008  15:10:27 0.60  0.12  70.57  0.57  16.72 -2.51  0  0  0  0 
11-Apr-2008  15:10:30 3.56  0.22  69.19  1.97  10.20 -1.23  0  0  0  1 
11-Apr-2008  15:10:34 0.36  0.09  76.89  1.11  12.21 -2.57  0  0  0  0 
11-Apr-2008  15:10:33 0.48  0.04  81.02  2.65  8.11 -2.34  0  0  0  0 
11-Apr-2008  15:10:34 0.45  0.06  77.07  0.57  11.70 -2.50  0  0  0  0 
11-Apr-2008  15:10:37 1.09  0.13  71.64  2.77  16.25 -2.53  0  0  0  0 
11-Apr-2008  15:10:38 0.54  0.09  73.39  0.54  14.43 -2.34  0  0  0  0 
11-Apr-2008  15:10:38 1.61  0.10  71.23  0.38  15.81 -2.38  0  0  0  0 
11-Apr-2008  15:10:50 2.26  0.15  73.23  0.87  15.23 -2.54  0  0  0  0 
11-Apr-2008  15:10:51 0.49  0.07  74.78  1.00  17.53 -3.47  0  0  0  0 
11-Apr-2008  15:10:54 2.81  0.09  73.88  0.02  9.30 -1.40  0  0  0  0 
11-Apr-2008  15:10:58 1.56  0.12  74.79  0.98  13.76 -2.51  0  0  0  0 
11-Apr-2008  15:10:59 1.31  0.15  74.56  2.22  13.43 -2.40  0  1  1  1 
11-Apr-2008  15:11:01 0.55  0.04  76.17  0.17  40.52 -9.31  0  0  0  0 
11-Apr-2008  15:11:02 1.56  0.14  68.80  0.47  10.86 -1.26  0  0  0  0 
11-Apr-2008  15:11:10 1.20  0.08  74.51  0.51  9.30 -1.45  0  0  0  0 
11-Apr-2008  15:11:10 0.41  0.02  74.12  2.46  14.45 -2.50  0  0  0  0 
11-Apr-2008  15:11:14 0.46  0.10  75.38  0.49  18.54 -3.57  0  0  0  0 
11-Apr-2008  15:11:18 0.78  0.10  73.97  0.50  13.23 -2.43  0  0  0  0 
11-Apr-2008  15:11:20 1.20  0.11  72.92  2.89  10.54 -1.41  0  0  0  0 
11-Apr-2008  15:11:31 0.98  0.23  71.42  1.26  10.52 -1.37  0  0  1  0 
11-Apr-2008  15:11:32 1.14  0.09  75.39  1.03  11.26 -1.97  0  0  0  0 
11-Apr-2008  15:11:35 0.21  0.05  80.22  1.73  4.78 -1.26  0  0  0  0 
11-Apr-2008  15:11:36 1.27  0.10  69.44  1.82  14.64 -1.95  0  0  0  0 
11-Apr-2008  15:11:37 0.46  0.15  75.67  1.48  15.96 -3.35  0  0  0  0 
11-Apr-2008  15:11:43 1.07  0.09  73.57  2.96  14.41 -2.47  0  0  0  0 
11-Apr-2008  15:11:43 2.07  0.19  68.86  1.44  8.27 -0.94  0  0  0  0 
11-Apr-2008  15:11:47 1.82  0.12  71.03  0.63  16.56 -2.53  0  0  0  0 
11-Apr-2008  15:11:52 1.22  0.12  73.11  0.45  12.50 -1.93  0  0  0  0 
11-Apr-2008  15:11:56 0.28  0.09  76.79  1.19  11.68 -2.80  0  0  0  0 
11-Apr-2008  15:12:04 1.41  0.07  73.76  0.38  14.77 -2.62  0  0  0  0 
11-Apr-2008  15:12:05 0.78  0.12  75.12  1.70  17.77 -3.76  0  0  0  0 
11-Apr-2008  15:12:12 0.78  0.14  73.38  1.04  14.87 -2.61  0  0  0  0 
11-Apr-2008  15:12:15 0.73  0.15  72.47  1.61  15.97 -2.61  0  0  0  0 
11-Apr-2008  15:12:27 0.92  0.14  73.28  0.22  12.01 -1.98  0  0  0  0 
11-Apr-2008  15:12:28 0.54  0.13  72.73  1.27  9.22 -1.30  0  0  0  0 
11-Apr-2008  15:12:31 0.49  0.10  72.86  0.71  48.52 -8.70  0  0  0  0 
11-Apr-2008  15:12:32 1.67  0.17  70.20  1.53  14.36 -1.95  0  0  0  0 
11-Apr-2008  15:12:33 0.91  0.11  71.99  2.23  10.58 -1.53  0  0  0  0 
11-Apr-2008  15:12:40 0.90  0.08  78.58  2.62  9.01 -1.94  0  0  0  0 
11-Apr-2008  15:12:40 0.16  0.03  81.54  2.29  4.97 -1.45  0  0  0  0 
11-Apr-2008  15:12:50 0.62  0.05  76.10  1.03  14.96 -3.16  0  0  0  0 
11-Apr-2008  15:13:00 1.10  0.13  74.19  1.61  14.20 -2.57  0  0  0  0 
11-Apr-2008  15:13:02 0.94  0.07  74.43  0.35  8.28 -1.24  0  0  0  0 
11-Apr-2008  15:13:07 0.57  0.11  72.43  2.24  9.65 -1.46  0  0  0  0 
11-Apr-2008  15:13:10 0.70  0.09  70.90  1.54  10.74 -1.33  0  0  0  0 
11-Apr-2008  15:13:16 0.66  0.07  73.41  1.10  12.62 -1.93  0  0  0  0 
11-Apr-2008  15:13:18 0.93  0.09  72.13  2.08  9.89 -1.41  0  0  0  0 
11-Apr-2008  15:13:20 0.42  0.06  78.08  1.71  6.47 -1.20  0  0  0  0 
11-Apr-2008  15:13:24 0.82  0.05  76.29  1.30  42.48 -9.70  1  0  1  1 
11-Apr-2008  15:13:24 0.84  0.11  75.76  2.66  8.48 -1.39  0  1  0  1 
11-Apr-2008  15:13:25 1.40  0.05  75.28  0.91  10.64 -1.83  0  0  0  0 
11-Apr-2008  15:13:26 1.36  0.18  66.28  0.80  11.20 -1.20  0  0  0  0 
11-Apr-2008  15:13:28 0.56  0.05  76.64  1.19  11.64 -2.40  0  0  0  0 
11-Apr-2008  15:13:30 0.81  0.06  73.26  1.31  9.58 -1.44  0  0  0  0 
11-Apr-2008  15:13:33 0.80  0.06  74.63  0.86  13.66 -2.57  0  0  0  0 
11-Apr-2008  15:13:36 0.70  0.06  74.41  1.55  14.39 -2.52  0  0  0  0 
11-Apr-2008  15:13:36 0.97  0.09  72.05  0.95  9.94 -1.28  0  0  0  0 
11-Apr-2008  15:13:37 0.43  0.08  74.52  2.46  8.57 -1.45  0  0  0  0 
11-Apr-2008  15:13:40 0.45  0.13  73.55  1.94  8.86 -1.31  0  0  0  0 
11-Apr-2008  15:13:46 0.76  0.10  77.13  1.29  39.46 -9.16  0  0  0  0 
11-Apr-2008  15:13:45 0.55  0.04  77.27  1.12  10.87 -2.36  0  0  0  0 
11-Apr-2008  15:13:45 0.78  0.16  71.04  1.22  10.71 -1.33  0  0  0  0 
11-Apr-2008  15:13:47 0.49  0.04  77.52  0.80  6.49 -1.22  0  0  0  0 
11-Apr-2008  15:13:48 1.30  0.08  74.13  0.69  7.59 -1.28  0  0  0  0 
11-Apr-2008  15:13:49 0.32  0.08  78.86  1.87  10.51 -2.67  0  0  0  0 
11-Apr-2008  15:13:50 1.29  0.08  74.99  0.69  13.24 -2.46  0  0  0  0 
11-Apr-2008  15:13:51 0.33  0.06  78.36  0.94  9.09 -2.02  0  0  0  0 
11-Apr-2008  15:13:54 0.61  0.13  77.63  1.06  10.42 -2.46  0  1  0  1 
11-Apr-2008  15:13:57 0.73  0.09  75.63  1.17  11.20 -1.94  0  0  0  0 
11-Apr-2008  15:13:59 0.49  0.09  76.74  1.17  11.97 -2.57  0  0  0  0 
11-Apr-2008  15:14:00 0.82  0.08  71.06  1.42  16.36 -2.49  0  0  0  0 
11-Apr-2008  15:14:00 0.94  0.13  72.36  2.30  12.48 -1.99  0  0  0  0 
11-Apr-2008  15:14:02 0.89  0.07  72.74  0.93  12.43 -2.09  0  0  0  0 
11-Apr-2008  15:14:03 1.27  0.10  72.18  1.01  53.94 -9.23  0  0  0  0 
11-Apr-2008  15:14:04 0.91  0.14  71.00  2.26  9.52 -1.22  0  0  0  0 
11-Apr-2008  15:14:05 0.83  0.10  72.93  0.71  12.62 -2.00  0  0  0  0 
11-Apr-2008  15:14:06 0.56  0.06  73.26  1.39  12.55 -1.96  0  0  0  0 
11-Apr-2008  15:14:06 1.06  0.15  71.53  1.01  8.01 -0.89  0  0  0  0 
11-Apr-2008  15:14:18 0.49  0.04  78.18  1.55  7.05 -1.45  0  0  0  0 
11-Apr-2008  15:14:25 0.72  0.08  71.82  0.90  10.43 -1.39  0  0  0  0 
11-Apr-2008  15:14:26 0.82  0.12  72.54  0.78  15.41 -2.47  0  0  0  0 
11-Apr-2008  15:14:33 0.75  0.14  74.64  0.71  7.97 -1.22  0  0  0  0 
11-Apr-2008  15:14:36 0.80  0.08  72.64  0.74  8.68 -1.31  0  0  0  0 
11-Apr-2008  15:14:37 1.35  0.09  74.74  2.23  9.60 -1.68  0  0  0  0 
11-Apr-2008  15:14:39 1.06  0.09  74.38  0.40  25.90 -4.81  0  0  0  0 
11-Apr-2008  15:14:43 1.33  0.08  71.92  0.91  8.37 -1.11  0  0  0  1 
11-Apr-2008  15:14:53 0.61  0.05  77.01  1.43  22.46 -5.38  0  0  0  0 
11-Apr-2008  15:14:53 1.69  0.11  72.25  2.61  8.90 -1.27  0  0  0  0 
11-Apr-2008  15:14:57 1.56  0.20  72.12 -0.07  16.29 -2.50  0  1  1  0 
11-Apr-2008  15:14:58 0.78  0.12  73.77  1.62  15.51 -2.44  0  1  1  0 
11-Apr-2008  15:15:01 9.56  0.47  65.61  0.88  13.56 -1.63  0  0  1  0 
11-Apr-2008  15:15:01 9.80  0.63  65.90  1.38  13.01 -1.61  1  1  1  0 
11-Apr-2008  15:15:02 0.40  0.07  75.85  2.18  13.01 -2.48  0  0  0  0 
11-Apr-2008  15:15:03 1.24  0.19  73.73  1.63  14.90 -2.47  0  0  1  0 
11-Apr-2008  15:15:04 1.79  0.11  75.59  1.40  11.98 -2.28  0  1  1  0 
11-Apr-2008  15:15:04 0.88  0.09  72.33  0.90  13.09 -1.87  0  0  0  0 
11-Apr-2008  15:15:04 2.22  0.17  72.24  0.84  14.63 -2.26  0  1  0  1 
11-Apr-2008  15:15:05 0.67  0.18  74.20  1.21  13.41 -2.26  0  0  0  0 
11-Apr-2008  15:15:05 0.67  0.05  76.57  1.14  11.54 -2.55  0  0  0  0 
11-Apr-2008  15:15:05 1.83  0.08  74.06  0.73  13.28 -2.28  0  1  0  1 
11-Apr-2008  15:15:06 0.86  0.06  75.07  1.76  12.65 -2.38  0  0  0  0 
11-Apr-2008  15:15:06 1.49  0.17  74.06  1.42  10.71 -1.60  0  1  1  1 
11-Apr-2008  15:15:06 1.63  0.15  73.42  0.66  9.36 -1.33  0  1  1  0 
11-Apr-2008  15:15:07 2.73  0.20  70.47  2.05  9.03 -1.09  0  1  1  0 
11-Apr-2008  15:15:07 2.01  0.10  71.42  2.10  19.77 -3.10  0  0  1  0 
11-Apr-2008  15:15:08 4.42  0.21  73.07  1.26  14.97 -2.51  0  1  1  1 
11-Apr-2008  15:15:08 0.89  0.07  72.27  2.58  13.10 -1.96  0  0  0  0 
11-Apr-2008  15:15:10 1.06  0.09  72.55  0.80  9.71 -1.40  0  0  0  0 
11-Apr-2008  15:15:12 0.68  0.12  74.23  0.95  14.08 -2.38  0  0  0  0 
11-Apr-2008  15:15:13 0.57  0.06  75.81  1.82  12.54 -2.46  0  0  0  0 
11-Apr-2008  15:15:13 2.45  0.23  72.36  3.02  9.88 -1.41  0  1  0  1 
11-Apr-2008  15:15:14 1.25  0.16  70.94  1.55  14.20 -2.07  0  0  0  0 
11-Apr-2008  15:15:15 1.71  0.09  74.74  2.37  9.00 -1.37  0  0  1  0 
11-Apr-2008  15:15:16 1.85  0.09  75.89  1.21  10.21 -1.81  0  0  1  0 
11-Apr-2008  15:15:16 1.66  0.10  76.60  0.51  14.45 -3.00  0  0  0  0 
11-Apr-2008  15:15:17 1.32  0.09  77.91  2.27  38.81 -9.47  0  0  1  0 
11-Apr-2008  15:15:17 0.85  0.10  75.52  2.10  7.82 -1.23  0  0  0  0 
11-Apr-2008  15:15:18 1.24  0.11  72.24  0.70  16.05 -2.36  0  0  0  0 
11-Apr-2008  15:15:22 2.34  0.07  72.94  1.63  10.00 -1.43  0  0  0  1 
11-Apr-2008  15:15:25 0.19  0.05  80.73  1.80  7.27 -2.04  0  0  0  0 
11-Apr-2008  15:15:25 0.48  0.06  74.69  1.61  14.37 -2.70  0  0  0  0 
11-Apr-2008  15:15:26 0.70  0.07  67.83  2.27  18.66 -2.67  0  0  0  0 
11-Apr-2008  15:15:30 1.73  0.15  72.28  2.68  10.10 -1.40  0  0  0  0 
11-Apr-2008  15:15:31 1.11  0.15  72.73  1.13  14.03 -2.47  0  0  0  0 
11-Apr-2008  15:15:32 1.53  0.13  72.54  2.76  15.23 -2.53  0  0  0  0 
11-Apr-2008  15:15:33 1.69  0.16  72.96  0.99  53.88 -9.97  0  0  1  0 
11-Apr-2008  15:15:34 0.64  0.07  73.07  1.09  15.49 -2.63  0  0  0  0 
11-Apr-2008  15:15:35 0.59  0.08  74.62  2.03  12.09 -2.39  0  0  0  0 
11-Apr-2008  15:15:36 1.37  0.08  76.27  0.46  12.56 -2.52  0  0  1  0 
11-Apr-2008  15:15:35 0.86  0.10  75.75  0.91  12.08 -2.33  0  0  1  0 
11-Apr-2008  15:15:35 0.81  0.05  76.07  0.96  12.24 -2.34  0  0  0  0 
11-Apr-2008  15:15:36 0.60  0.10  75.35  1.28  13.29 -2.50  0  0  0  0 
11-Apr-2008  15:15:36 2.32  0.21  74.02  0.67  14.99 -2.52  0  0  0  0 
11-Apr-2008  15:15:37 0.52  0.10  75.83  1.63  13.41 -2.57  0  0  0  0 
11-Apr-2008  15:15:39 0.75  0.05  76.15  2.22  44.42 -9.42  0  1  1  0 
11-Apr-2008  15:15:39 0.72  0.06  79.35  2.84  5.36 -1.22  0  0  0  1 
11-Apr-2008  15:15:39 1.47  0.13  73.38  0.56  15.22 -2.51  0  0  0  0 
11-Apr-2008  15:15:42 0.88  0.06  74.21  1.46  18.80 -3.50  0  1  0  1 
11-Apr-2008  15:15:43 0.19  0.08  78.26  2.36  6.52 -1.27  0  0  0  0 
11-Apr-2008  15:15:44 0.53  0.04  80.98  0.76  4.32 -1.21  0  0  0  0 
11-Apr-2008  15:15:47 0.87  0.11  74.62  2.90  11.84 -1.93  0  0  0  0 
11-Apr-2008  15:15:48 1.85  0.18  73.89  1.10  9.26 -1.31  0  0  0  0 
11-Apr-2008  15:15:49 0.44  0.11  75.13  1.01  11.04 -1.92  0  0  0  0 
11-Apr-2008  15:15:50 0.71  0.09  76.09  0.49  11.72 -2.30  0  0  0  0 
11-Apr-2008  15:15:50 2.32  0.14  70.83  3.11  16.36 -2.41  0  0  1  0 
11-Apr-2008  15:15:50 2.54  0.16  70.63  0.35  14.09 -1.90  0  0  1  0 
11-Apr-2008  15:15:51 1.07  0.13  73.79  2.49  14.09 -2.37  0  0  1  0 
11-Apr-2008  15:15:51 0.96  0.18  74.91  0.91  8.31 -1.36  0  0  1  0 
11-Apr-2008  15:15:52 1.74  0.10  74.31  0.79  13.68 -2.48  0  1  1  0 
11-Apr-2008  15:15:52 4.20  0.27  74.38  0.90  13.55 -2.45  0  0  0  0 
11-Apr-2008  15:15:56 1.46  0.14  70.10  0.94  17.62 -2.69  0  1  0  1 
11-Apr-2008  15:15:58 2.23  0.10  73.02  0.29  12.98 -2.06  0  0  0  0 
11-Apr-2008  15:15:58 1.00  0.08  73.94  2.36  9.51 -1.44  0  1  1  0 
11-Apr-2008  15:15:59 2.33  0.21  72.92  0.91  12.53 -2.03  0  0  1  0 
11-Apr-2008  15:15:59 1.06  0.13  73.97  1.84  8.84 -1.38  0  1  1  0 
11-Apr-2008  15:16:01 0.76  0.14  73.11  1.49  14.10 -2.47  0  0  0  0 
11-Apr-2008  15:16:01 0.58  0.13  74.04  1.28  18.33 -3.57  0  0  0  0 
11-Apr-2008  15:16:04 1.13  0.12  74.34  0.47  14.93 -2.60  0  0  0  0 
11-Apr-2008  15:16:10 0.49  0.06  75.31  1.80  8.20 -1.30  0  0  0  0 
11-Apr-2008  15:16:10 0.77  0.09  72.23  2.52  10.60 -1.44  0  0  0  0 
11-Apr-2008  15:16:12 0.69  0.07  72.09  0.99  12.19 -1.80  0  0  0  0 
11-Apr-2008  15:16:14 1.74  0.06  74.45  1.31  11.74 -1.94  0  1  0  0 
11-Apr-2008  15:16:14 0.71  0.10  68.41  1.60  10.38 -1.20  0  0  0  0 
11-Apr-2008  15:16:15 0.78  0.20  68.84  0.96  10.66 -1.23  0  0  0  0 
11-Apr-2008  15:16:17 0.87  0.08  75.06  0.27  7.57 -1.21  0  0  0  0 
11-Apr-2008  15:16:17 0.95  0.12  71.08  0.95  20.96 -3.31  0  0  0  0 
11-Apr-2008  15:16:18 0.71  0.08  76.11  2.93  12.08 -2.42  0  0  0  0 
11-Apr-2008  15:16:20 1.72  0.18  74.87  2.68  13.30 -2.60  0  0  0  0 
11-Apr-2008  15:16:20 1.42  0.18  74.81  0.47  17.34 -3.39  0  0  0  0 
11-Apr-2008  15:16:21 1.01  0.12  73.63  0.34  19.60 -3.45  0  0  0  0 
11-Apr-2008  15:16:26 0.52  0.14  72.19  1.67  13.43 -1.98  0  0  0  0 
11-Apr-2008  15:16:27 0.52  0.10  75.97  1.55  12.12 -2.32  0  0  0  0 
11-Apr-2008  15:16:31 0.80  0.17  71.78  2.81  13.42 -2.01  0  0  0  0 
11-Apr-2008  15:16:32 0.88  0.09  73.05  2.14  15.01 -2.42  0  0  0  0 
11-Apr-2008  15:16:33 0.61  0.07  74.61  0.86  18.19 -3.52  0  0  0  0 
11-Apr-2008  15:16:35 0.84  0.08  73.83  1.02  8.57 -1.24  0  0  0  0 
11-Apr-2008  15:16:39 0.68  0.13  73.68  2.68  12.11 -1.91  0  0  1  0 
11-Apr-2008  15:16:42 0.59  0.14  72.96  0.92  12.83 -1.90  0  0  0  0 
11-Apr-2008  15:16:52 1.21  0.11  75.36  1.59  13.54 -2.60  0  0  0  0 
11-Apr-2008  15:16:57 1.15  0.07  71.81  1.40  10.50 -1.48  0  0  0  0 
11-Apr-2008  15:17:02 0.99  0.10  72.39  2.51  12.67 -2.01  0  1  0  0 
11-Apr-2008  15:17:08 2.03  0.18  75.18  0.85  16.58 -3.19  0  0  1  0 
11-Apr-2008  15:17:08 1.73  0.10  75.46  2.13  16.18 -3.21  0  1  0  1 
11-Apr-2008  15:17:10 0.70  0.12  74.07  0.88  11.24 -1.86  0  0  0  0 
11-Apr-2008  15:17:12 1.59  0.12  75.23  1.10  8.05 -1.42  0  0  0  0 
11-Apr-2008  15:17:14 1.41  0.13  71.31  0.55  14.15 -2.03  0  0  0  0 
11-Apr-2008  15:17:21 0.38  0.02  81.22  1.24  6.92 -2.13  0  0  0  0 
11-Apr-2008  15:17:23 0.56  0.08  78.79  1.50  6.49 -1.42  0  0  0  0 
11-Apr-2008  15:17:25 0.29  0.03  79.88  1.93  5.76 -1.44  0  0  0  0 
11-Apr-2008  15:17:25 2.31  0.13  71.70  0.66  15.82 -2.31  0  0  0  0 
11-Apr-2008  15:17:26 2.01  0.12  73.65  1.17  15.05 -2.51  0  0  0  0 
11-Apr-2008  15:17:27 0.81  0.10  75.79  0.87  12.07 -2.29  0  0  0  0 
11-Apr-2008  15:17:29 0.69  0.14  75.19  1.36  10.83 -1.85  0  0  0  0 
11-Apr-2008  15:17:30 1.02  0.36  54.79  1.03  15.26 -1.41  0  0  0  0 
11-Apr-2008  15:17:31 0.61  0.18  70.67  0.68  10.03 -1.27  0  0  0  0 
11-Apr-2008  15:17:32 0.33  0.06  77.82  2.23  10.53 -2.31  0  0  0  0 
11-Apr-2008  15:17:34 0.43  0.08  73.12  1.57  14.46 -2.54  0  0  0  0 
11-Apr-2008  15:17:35 0.26  0.07  78.34  1.33  10.90 -2.62  0  0  0  0 
11-Apr-2008  15:17:36 0.32  0.06  78.42  2.32  11.62 -2.51  0  0  0  0 
11-Apr-2008  15:17:44 4.34  0.42  72.80  1.07  12.44 -1.90  0  0  0  0 
11-Apr-2008  15:17:52 0.96  0.11  72.95  0.69  14.56 -2.48  0  0  0  0 
11-Apr-2008  15:17:56 0.39  0.12  74.78  1.09  13.09 -2.20  0  0  0  0 
11-Apr-2008  15:17:58 1.47  0.19  72.90  2.28  12.56 -1.95  0  0  0  0 
11-Apr-2008  15:18:03 0.79  0.10  76.90  0.42  41.14 -9.57  0  0  0  0 
11-Apr-2008  15:18:07 0.63  0.12  73.15  1.39  9.52 -1.37  0  0  0  0 
11-Apr-2008  15:18:09 3.25  0.17  72.35  0.99  14.13 -2.28  0  1  0  1 
11-Apr-2008  15:18:19 0.84  0.14  73.62 -0.09  14.34 -2.38  0  0  0  0 
11-Apr-2008  15:18:26 0.39  0.12  74.45  1.67  13.58 -2.54  0  0  0  0 
11-Apr-2008  15:18:29 1.41  0.08  75.63  0.46  8.54 -1.41  0  0  0  0 
11-Apr-2008  15:18:32 1.48  0.11  74.39  1.19  14.44 -2.57  0  0  0  0 
11-Apr-2008  15:18:40 0.81  0.05  75.40  1.30  12.93 -2.45  0  0  0  0 
11-Apr-2008  15:18:40 1.13  0.11  75.09  2.74  8.58 -1.38  0  0  0  0 
11-Apr-2008  15:18:48 1.13  0.16  74.09  2.24  8.65 -1.32  0  0  1  0 
11-Apr-2008  15:18:48 0.91  0.07  75.65  1.96  11.99 -2.40  0  0  0  0 
11-Apr-2008  15:18:48 1.73  0.12  75.24  2.32  8.06 -1.40  1  0  1  0 
11-Apr-2008  15:18:54 0.55  0.17  71.41  1.12  15.50 -2.48  0  1  0  0 
11-Apr-2008  15:19:06 1.40  0.10  71.96  0.81  9.55 -1.25  0  0  0  0 
11-Apr-2008  15:19:10 1.58  0.08  74.44  1.02  12.74 -2.42  0  0  0  0 
11-Apr-2008  15:19:23 0.58  0.10  71.33  0.72  15.39 -2.46  0  0  0  0 
11-Apr-2008  15:19:35 1.81  0.10  74.44  0.34  14.63 -2.47  0  0  0  0 
11-Apr-2008  15:19:35 0.77  0.04  75.12  0.37  11.29 -1.96  0  0  0  0 
11-Apr-2008  15:19:51 1.22  0.12  72.99  2.69  13.60 -2.19  0  0  0  0 
11-Apr-2008  15:19:53 0.44  0.09  73.27  1.87  18.65 -3.18  0  0  0  0 
11-Apr-2008  15:19:53 0.68  0.07  73.02  1.30  19.37 -3.34  0  0  0  0 
11-Apr-2008  15:19:58 0.70  0.05  75.18  0.85  12.56 -2.15  0  0  0  0 
11-Apr-2008  15:19:59 0.79  0.14  73.43  1.22  37.78 -6.89  0  0  0  0 
