Floating wood at Chazey for flood on 20080407
Date Time Length(m) Diameter(m) Position(m) Angle(rad) Velocity(m/s) Rotation(rad/s) Roots(1/0) Branches(1/0) Grouped(1/0) PartSubmerged(1/0)
13-Apr-2008  11:05:35 0.62  0.16  70.26  1.15  5.90 -0.07  0  0  0  0 
13-Apr-2008  11:05:51 0.56  0.10  70.99  0.52  6.62 -0.12  0  0  0  0 
13-Apr-2008  11:06:04 1.22  0.16  69.30  0.42  5.58 -0.06  0  0  1  1 
13-Apr-2008  11:06:05 1.07  0.15  70.33  0.34  5.71 -0.09  0  0  1  0 
13-Apr-2008  11:06:12 1.26  0.13  70.85  1.17  6.11 -0.12  0  0  0  0 
13-Apr-2008  11:06:23 1.17  0.13  69.38  2.93  5.74 -0.08  0  0  0  0 
13-Apr-2008  11:06:58 0.87  0.10  70.70  0.65  10.76 -0.24  1  0  0  0 
13-Apr-2008  11:07:07 0.64  0.09  70.36  0.80  6.28 -0.11  0  0  0  0 
13-Apr-2008  11:07:24 0.72  0.14  70.85  1.80  4.98 -0.07  0  0  0  0 
13-Apr-2008  11:07:27 0.61  0.14  71.71  2.55  6.71 -0.13  0  1  0  0 
13-Apr-2008  11:07:32 0.54  0.09  74.89  0.80  5.29 -0.11  0  0  0  0 
13-Apr-2008  11:08:03 1.19  0.07  73.01  0.75  5.54 -0.11  0  0  0  0 
13-Apr-2008  11:08:58 0.92  0.11  72.01  2.73  6.11 -0.08  0  0  0  0 
13-Apr-2008  11:09:34 0.67  0.07  73.77  0.43  12.05 -0.32  0  0  0  0 
13-Apr-2008  11:09:37 0.68  0.18  67.08  1.28  5.59 -0.07  0  0  0  0 
13-Apr-2008  11:09:54 1.40  0.22  70.47  1.49  8.61 -0.17  0  0  0  1 
13-Apr-2008  11:09:54 1.06  0.16  70.77  0.00  8.64 -0.16  0  0  1  0 
13-Apr-2008  11:10:10 0.56  0.22  64.93  1.05  9.07 -0.00  0  0  0  0 
13-Apr-2008  11:10:39 0.51  0.37  59.26  1.51  8.92 -0.01  0  0  0  0 
13-Apr-2008  11:11:13 1.36  0.19  63.83  0.38  5.97 -0.06  0  0  0  0 
13-Apr-2008  11:12:01 0.88  0.10  70.65  0.78  6.56 -0.14  0  0  0  0 
13-Apr-2008  11:12:11 0.53  0.12  70.05  0.60  5.86 -0.09  0  0  0  0 
13-Apr-2008  11:12:52 1.23  0.19  67.13  2.01  4.70 -0.04  0  0  0  0 
13-Apr-2008  11:13:03 1.29  0.10  73.50  1.55  7.69 -0.18  0  1  0  0 
13-Apr-2008  11:13:04 0.48  0.07  73.19  0.49  6.87 -0.09  0  0  0  0 
13-Apr-2008  11:13:15 0.49  0.13  73.24  0.85  8.91 -0.21  0  0  0  0 
13-Apr-2008  11:15:28 0.92  0.15  69.18  1.64  5.68 -0.09  0  0  0  0 
13-Apr-2008  11:15:56 0.38  0.17  69.28  1.40  7.16 -0.01  0  0  0  0 
13-Apr-2008  11:16:10 0.37  0.12  71.75  2.68  5.92 -0.11  0  0  0  0 
13-Apr-2008  11:17:45 1.28  0.18  66.63  0.45  6.23 -0.11  0  0  0  0 
13-Apr-2008  11:18:26 0.67  0.27  64.24  1.26  8.75 -0.17  0  0  0  0 
13-Apr-2008  11:18:43 0.37  0.04  74.51  1.22  5.91 -0.09  0  0  0  0 
13-Apr-2008  11:19:23 1.07  0.21  71.08  0.28  6.63 -0.10  0  0  0  0 
13-Apr-2008  11:19:30 0.70  0.18  71.65  1.20  4.72 -0.07  0  0  0  0 
13-Apr-2008  11:19:48 0.31  0.10  75.02  1.50  8.23 -0.01  0  0  0  0 
13-Apr-2008  11:19:54 1.32  0.20  64.34  2.64  6.85 -0.12  0  0  0  0 
13-Apr-2008  11:19:54 0.60  0.14  66.86  0.90  6.00 -0.15  0  0  0  0 
