Floating wood at Chazey for flood on 20080407
Date Time Length(m) Diameter(m) Position(m) Angle(rad) Velocity(m/s) Rotation(rad/s) Roots(1/0) Branches(1/0) Grouped(1/0) PartSubmerged(1/0)
13-Apr-2008  09:05:18 0.67  0.06  73.90  0.71  5.53 -0.19  0  0  0  0 
13-Apr-2008  09:05:44 0.44  0.15  68.19  2.28  6.28 -0.13  0  0  0  0 
13-Apr-2008  09:06:17 0.23  0.13  70.98  1.38  8.91 -0.29  0  0  0  0 
13-Apr-2008  09:07:00 0.82  0.11  68.87  0.78  5.86 -0.13  0  0  0  0 
13-Apr-2008  09:08:12 0.51  0.09  70.95  0.69  6.79 -0.10  0  0  0  0 
13-Apr-2008  09:14:00 0.54  0.16  71.35  2.22  5.93 -0.09  0  0  0  0 
13-Apr-2008  09:14:33 1.08  0.17  65.89  2.59  5.00 -0.08  0  0  0  0 
13-Apr-2008  09:15:39 1.28  0.19  69.34  0.34  7.32 -0.17  0  0  0  0 
13-Apr-2008  09:16:35 0.73  0.07  76.30  0.56  4.72 -0.18  0  1  0  0 
13-Apr-2008  09:16:52 0.57  0.10  72.79  0.99  4.59 -0.11  0  0  0  0 
13-Apr-2008  09:17:23 0.55  0.24  66.89  1.64  12.66 -0.32  0  0  0  0 
13-Apr-2008  09:17:43 1.95  0.13  71.26  1.25  5.90 -0.13  0  0  0  0 
13-Apr-2008  09:18:41 0.94  0.11  71.67  1.54  4.57 -0.10  0  0  0  0 
13-Apr-2008  09:18:50 0.55  0.21  70.14  1.26  5.13 -0.11  0  0  0  0 
13-Apr-2008  09:18:58 2.62  0.29  59.85  0.37  6.40 -0.12  0  1  0  1 
13-Apr-2008  09:19:49 0.41  0.10  74.22  1.35  6.75 -0.11  0  0  0  0 
13-Apr-2008  09:19:55 0.70  0.07  72.33  2.42  6.82 -0.15  0  0  0  0 
