Floating wood at Chazey for flood on 20080407
Date Time Length(m) Diameter(m) Position(m) Angle(rad) Velocity(m/s) Rotation(rad/s) Roots(1/0) Branches(1/0) Grouped(1/0) PartSubmerged(1/0)
11-Apr-2008  18:20:06 0.36  0.05  80.07 -3.00  4.94  2.54  0  0  0  0 
11-Apr-2008  18:20:09 0.96  0.07  75.50  0.82  17.85 -3.00  0  0  0  0 
11-Apr-2008  18:20:10 0.58  0.06  75.13  1.09  18.52 -2.95  0  0  0  0 
11-Apr-2008  18:20:14 0.48  0.14  72.37  1.70  17.27 -2.46  0  0  0  0 
11-Apr-2008  18:20:14 1.10  0.11  71.96  0.62  14.50 -2.05  0  0  0  0 
11-Apr-2008  18:20:19 0.48  0.12  75.79  1.15  18.85 -3.50  0  0  0  1 
11-Apr-2008  18:20:30 0.69  0.13  72.32  0.64  22.00 -3.00  0  0  0  0 
11-Apr-2008  18:20:32 1.93  0.18  74.44  0.38  19.99 -3.04  0  1  0  1 
11-Apr-2008  18:20:34 0.67  0.08  71.72  2.58  20.74 -2.93  0  0  0  0 
11-Apr-2008  18:20:35 1.51  0.17  70.49  2.68  12.90 -1.56  0  0  0  0 
11-Apr-2008  18:20:37 0.78  0.11  73.39  0.54  27.79 -4.44  0  0  0  0 
11-Apr-2008  18:20:38 0.69  0.11  72.09  1.04  30.94 -4.28  0  0  0  0 
11-Apr-2008  18:20:39 0.42  0.07  74.83  0.96  13.99 -2.25  0  0  0  0 
11-Apr-2008  18:20:39 0.61  0.18  75.06  1.48  17.83 -2.99  0  0  0  0 
11-Apr-2008  18:20:42 0.33  0.11  75.88  1.53  17.44 -3.11  0  0  0  0 
11-Apr-2008  18:20:42 0.62  0.11  76.09  1.19  23.90 -4.43  0  0  0  0 
11-Apr-2008  18:20:42 1.16  0.14  72.16  1.47  12.70 -1.78  0  0  0  0 
11-Apr-2008  18:20:48 0.62  0.07  80.10  2.26  10.03 -2.26  0  0  0  0 
11-Apr-2008  18:20:49 0.47  0.06  79.30  1.39  13.70 -3.03  0  1  0  1 
11-Apr-2008  18:20:48 1.14  0.09  72.44  0.76  20.68 -3.13  0  0  0  1 
11-Apr-2008  18:20:54 0.51  0.08  77.43  1.35  10.08 -1.77  0  0  0  0 
11-Apr-2008  18:20:57 0.36  0.02  82.30  2.81  7.89 -2.25  0  1  0  1 
11-Apr-2008  18:20:58 0.52  0.08  71.81  2.02  16.65 -2.37  0  0  0  0 
11-Apr-2008  18:21:01 0.75  0.20  73.57  1.74  15.19 -2.25  0  1  0  1 
11-Apr-2008  18:21:04 1.76  0.15  69.99  2.12  14.90 -1.82  0  0  0  0 
11-Apr-2008  18:21:05 0.87  0.08  76.70  0.58  16.82 -3.12  0  0  0  0 
11-Apr-2008  18:21:19 0.62  0.12  74.73  1.38  18.67 -3.03  0  0  0  0 
11-Apr-2008  18:21:19 0.51  0.18  72.10  1.08  30.29 -4.37  0  0  0  0 
11-Apr-2008  18:21:22 0.81  0.08  72.34  0.45  30.39 -4.71  0  1  0  1 
11-Apr-2008  18:21:26 0.47  0.08  79.96  1.26  18.08 -4.36  0  0  0  0 
11-Apr-2008  18:21:31 1.94  0.11  69.02  1.19  15.47 -1.85  0  0  0  0 
11-Apr-2008  18:21:32 1.13  0.10  71.16  1.81  17.86 -2.42  0  0  0  0 
11-Apr-2008  18:21:41 0.39  0.08  80.82  2.64  11.50 -2.88  0  1  0  0 
11-Apr-2008  18:21:46 2.54  0.14  72.06  0.50  14.12 -1.76  1  1  0  1 
11-Apr-2008  18:21:46 2.03  0.18  74.64  0.53  17.83 -2.91  1  1  1  1 
11-Apr-2008  18:21:48 0.71  0.15  69.89  2.49  17.46 -2.25  0  0  0  0 
11-Apr-2008  18:21:49 0.37  0.03  81.27  1.24  7.14 -1.77  0  0  0  0 
11-Apr-2008  18:21:54 1.02  0.11  71.39  0.31  16.52 -2.23  0  0  0  0 
11-Apr-2008  18:22:04 0.95  0.06  73.16  2.94  20.45 -2.95  0  0  0  0 
11-Apr-2008  18:22:05 1.60  0.15  72.25  1.63  14.07 -1.79  0  1  0  1 
11-Apr-2008  18:22:05 1.04  0.20  72.80  1.40  16.00 -2.28  0  0  0  0 
11-Apr-2008  18:22:13 1.40  0.22  72.62  1.21  13.19 -1.76  0  0  0  0 
11-Apr-2008  18:22:15 0.86  0.09  74.06  0.99  26.80 -4.53  0  1  0  1 
11-Apr-2008  18:22:16 0.38  0.04  78.42  0.91  15.31 -3.13  0  0  0  0 
11-Apr-2008  18:22:18 0.61  0.08  76.27  0.61  24.09 -4.40  0  0  0  0 
11-Apr-2008  18:22:19 0.92  0.17  74.96  2.08  26.02 -4.45  0  0  1  0 
11-Apr-2008  18:22:19 0.51  0.11  75.72  1.38  24.83 -4.44  0  0  1  0 
11-Apr-2008  18:22:21 0.66  0.09  74.40  0.79  26.66 -4.55  0  0  0  0 
11-Apr-2008  18:22:27 0.46  0.14  73.03  1.25  29.35 -4.56  0  0  0  0 
11-Apr-2008  18:22:27 0.71  0.15  73.15  1.10  29.35 -4.32  0  0  0  0 
11-Apr-2008  18:22:30 0.50  0.12  74.52  1.61  19.38 -2.93  0  0  0  0 
11-Apr-2008  18:22:32 0.39  0.10  72.27  1.01  20.77 -3.06  0  0  0  0 
11-Apr-2008  18:22:38 1.12  0.15  72.31  2.71  11.06 -1.46  0  0  0  0 
11-Apr-2008  18:22:42 0.81  0.16  70.77  2.58  14.59 -1.76  0  0  0  0 
11-Apr-2008  18:22:48 1.00  0.20  71.32  0.81  31.49 -4.42  0  0  0  0 
11-Apr-2008  18:22:50 2.15  0.18  73.98  1.42  14.95 -2.25  0  0  0  1 
11-Apr-2008  18:22:52 0.37  0.08  74.96  2.24  27.99 -4.63  0  0  0  0 
11-Apr-2008  18:22:53 0.95  0.14  73.63  2.02  20.45 -3.04  0  0  0  1 
11-Apr-2008  18:22:55 0.79  0.03  79.42  0.88  14.40 -3.01  0  0  0  0 
11-Apr-2008  18:22:58 0.81  0.17  72.52  0.21  17.32 -2.38  0  1  0  0 
11-Apr-2008  18:22:59 0.93  0.15  70.59  0.70  24.17 -3.11  0  0  0  0 
11-Apr-2008  18:23:02 0.78  0.07  73.37  1.40  20.94 -3.08  0  0  0  0 
11-Apr-2008  18:23:03 0.35  0.05  78.79  2.10  15.24 -3.08  0  0  0  0 
11-Apr-2008  18:23:09 0.97  0.06  75.46  0.90  26.52 -4.51  0  0  0  0 
11-Apr-2008  18:23:11 0.32  0.07  79.54  2.32  10.49 -2.26  0  0  0  0 
11-Apr-2008  18:23:17 0.62  0.14  73.47  1.62  19.83 -3.12  0  0  0  0 
11-Apr-2008  18:23:18 0.21  0.02  81.88  2.39  10.95 -3.08  0  0  0  0 
11-Apr-2008  18:23:20 0.66  0.21  71.99  1.30  16.38 -2.19  0  0  0  0 
11-Apr-2008  18:23:21 1.63  0.08  71.85  1.19  14.30 -1.88  0  0  0  0 
11-Apr-2008  18:23:25 0.70  0.19  70.72  1.17  17.20 -2.11  0  0  0  0 
11-Apr-2008  18:23:25 0.41  0.05  79.98  2.78  12.89 -2.90  0  0  0  0 
11-Apr-2008  18:23:26 1.97  0.33  60.73  0.15  45.24 -4.36  0  1  0  0 
11-Apr-2008  18:23:26 1.40  0.17  71.49  2.87  14.31 -1.83  0  0  0  0 
11-Apr-2008  18:23:31 0.80  0.15  71.59  1.60  22.16 -3.12  0  0  0  0 
11-Apr-2008  18:23:32 0.81  0.08  74.44  2.99  27.10 -4.51  0  0  0  0 
11-Apr-2008  18:23:33 1.12  0.15  73.09  1.91  20.88 -3.19  0  0  0  0 
11-Apr-2008  18:23:35 0.40  0.04  79.78  2.12  13.77 -3.08  0  0  0  0 
11-Apr-2008  18:23:37 1.10  0.15  72.92  1.27  19.50 -2.92  0  0  0  0 
11-Apr-2008  18:23:37 0.78  0.04  73.40  0.07  20.44 -2.99  0  1  0  1 
11-Apr-2008  18:23:38 0.28  0.05  81.50  2.66  10.77 -2.93  0  1  1  1 
11-Apr-2008  18:23:43 0.77  0.19  71.75  0.75  33.33 -4.99  0  0  0  1 
11-Apr-2008  18:23:45 0.97  0.20  72.45  2.36  21.24 -3.00  0  0  0  0 
11-Apr-2008  18:23:52 0.71  0.13  74.67  0.94  19.06 -3.15  0  0  0  0 
11-Apr-2008  18:23:55 1.09  0.08  72.54  1.34  16.43 -2.25  0  0  0  1 
11-Apr-2008  18:23:56 0.79  0.22  70.95  0.50  21.81 -3.11  0  0  0  0 
11-Apr-2008  18:23:57 0.51  0.14  73.98  2.49  28.86 -4.61  0  0  0  0 
11-Apr-2008  18:23:57 0.47  0.04  81.17  0.92  9.23 -2.32  0  0  0  0 
11-Apr-2008  18:23:58 0.58  0.20  71.96  1.29  17.37 -2.42  0  0  0  0 
11-Apr-2008  18:24:12 1.53  0.22  71.99  1.51  9.87 -1.16  1  0  0  1 
11-Apr-2008  18:24:16 0.70  0.10  71.47  1.99  21.07 -2.85  0  0  0  0 
11-Apr-2008  18:24:18 1.02  0.06  78.48  1.18  11.85 -2.28  0  0  0  0 
11-Apr-2008  18:24:19 0.49  0.10  72.45  0.97  19.79 -2.84  0  0  0  0 
11-Apr-2008  18:24:20 0.86  0.17  73.97  1.32  11.62 -1.49  0  0  0  0 
11-Apr-2008  18:24:22 0.40  0.06  74.40  1.24  27.57 -4.23  0  0  0  0 
11-Apr-2008  18:24:23 0.74  0.14  72.99  1.21  20.83 -3.01  0  0  0  0 
11-Apr-2008  18:24:23 1.18  0.07  71.64  1.35  10.55 -1.30  0  0  0  0 
11-Apr-2008  18:24:29 0.58  0.12  75.10  1.76  25.88 -4.47  0  0  1  0 
11-Apr-2008  18:24:29 0.35  0.08  76.44  2.15  22.47 -4.25  0  0  1  0 
11-Apr-2008  18:24:32 0.78  0.05  81.64  1.09  6.73 -1.95  0  0  0  0 
11-Apr-2008  18:24:35 0.91  0.12  73.43  2.74  20.37 -3.10  0  0  0  0 
11-Apr-2008  18:24:38 1.23  0.13  69.74  0.20  15.09 -1.94  0  1  0  1 
11-Apr-2008  18:24:39 0.90  0.20  68.83  1.24  18.76 -2.33  0  0  0  0 
11-Apr-2008  18:24:40 0.31  0.09  75.67  1.50  11.90 -1.81  0  0  0  0 
11-Apr-2008  18:24:48 1.37  0.15  74.57  2.02  19.62 -3.05  0  1  0  1 
11-Apr-2008  18:24:48 3.05  0.17  72.64  2.05  13.69 -1.79  0  1  0  1 
11-Apr-2008  18:24:49 1.05  0.03  78.13  1.24  11.85 -2.24  0  0  0  0 
11-Apr-2008  18:24:53 1.04  0.11  73.03  2.62  30.95 -4.66  0  0  0  0 
11-Apr-2008  18:24:54 1.16  0.06  74.03  2.93  18.97 -2.95  0  0  0  0 
11-Apr-2008  18:24:55 1.08  0.13  74.70  1.86  18.84 -3.05  0  0  0  1 
11-Apr-2008  18:24:56 0.85  0.10  76.50  1.54  16.62 -3.06  0  0  0  1 
11-Apr-2008  18:25:01 0.58  0.14  73.90  1.04  28.25 -4.36  0  0  0  0 
11-Apr-2008  18:25:02 1.00  0.08  73.90  2.17  27.70 -4.48  0  1  0  0 
11-Apr-2008  18:25:04 1.01  0.14  74.64  1.01  18.66 -3.10  0  1  0  0 
11-Apr-2008  18:25:05 0.84  0.14  74.24  0.92  28.70 -4.44  0  0  0  0 
11-Apr-2008  18:25:05 0.74  0.09  75.47  1.74  11.83 -1.93  0  0  0  0 
11-Apr-2008  18:25:13 0.96  0.16  71.03  2.49  32.05 -4.70  0  0  0  0 
11-Apr-2008  18:25:24 0.27  0.02  81.35 -2.86  11.59  7.19  0  0  0  0 
11-Apr-2008  18:25:26 0.68  0.17  72.22  1.17  28.79 -4.26  0  0  0  0 
11-Apr-2008  18:25:28 0.61  0.10  73.79  2.35  28.22 -4.37  0  0  0  0 
11-Apr-2008  18:25:29 0.29  0.06  80.74  2.92  12.21 -2.98  0  0  0  0 
11-Apr-2008  18:25:36 0.29  0.08  77.45  1.84  23.77 -4.81  0  0  0  0 
11-Apr-2008  18:25:38 0.49  0.05  76.72  2.00  12.87 -2.33  0  0  0  0 
11-Apr-2008  18:25:40 0.32  0.11  74.29  1.55  16.00 -2.37  0  0  0  0 
11-Apr-2008  18:25:43 0.61  0.12  74.47  0.99  19.82 -3.09  0  0  0  0 
11-Apr-2008  18:25:44 0.59  0.06  75.10  1.19  14.52 -2.26  0  0  0  0 
11-Apr-2008  18:25:53 3.46  0.31  69.12  1.34  11.77 -1.33  1  1  0  1 
11-Apr-2008  18:26:04 0.49  0.15  73.63  1.93  19.71 -2.97  0  0  0  0 
11-Apr-2008  18:26:08 1.13  0.12  75.52  1.58  17.06 -3.02  0  0  0  1 
11-Apr-2008  18:26:18 0.92  0.09  78.84  1.88  20.91 -4.64  0  0  0  1 
11-Apr-2008  18:26:20 0.74  0.14  73.23  1.13  20.69 -3.08  0  0  0  0 
11-Apr-2008  18:26:23 0.52  0.13  72.30  2.58  16.78 -2.41  0  0  0  0 
11-Apr-2008  18:26:23 0.25  0.07  78.77  2.14  14.67 -3.20  0  0  0  0 
11-Apr-2008  18:26:34 0.33  0.07  73.55  1.55  15.97 -2.26  0  0  0  0 
11-Apr-2008  18:26:53 0.17  0.03  81.53  2.17  8.73 -2.38  0  0  0  0 
11-Apr-2008  18:26:53 0.97  0.30  67.80  0.74  16.09 -1.95  0  0  0  0 
11-Apr-2008  18:26:54 2.31  0.10  76.27  0.75  8.03 -1.16  0  0  1  0 
11-Apr-2008  18:26:55 0.97  0.10  75.11  2.95  14.95 -2.37  0  0  1  0 
11-Apr-2008  18:26:59 1.43  0.08  73.58  2.25  15.44 -2.29  0  0  0  0 
11-Apr-2008  18:27:04 0.63  0.15  75.29  2.06  18.27 -3.11  0  0  0  1 
11-Apr-2008  18:27:07 0.60  0.11  69.38  1.09  22.13 -2.85  0  0  0  0 
11-Apr-2008  18:27:13 2.38  0.08  81.72  1.25  6.71 -2.08  1  1  0  0 
11-Apr-2008  18:27:17 0.45  0.12  81.58  2.15  7.27 -1.82  0  0  0  0 
11-Apr-2008  18:27:19 0.62  0.11  68.44  1.46  16.98 -1.92  0  0  0  0 
11-Apr-2008  18:27:22 1.16  0.16  74.93  1.24  12.48 -1.81  0  0  0  0 
11-Apr-2008  18:27:23 0.95  0.10  75.93  1.37  17.84 -2.99  0  0  0  0 
11-Apr-2008  18:27:24 1.09  0.16  74.42  1.61  9.41 -1.26  0  0  0  0 
11-Apr-2008  18:27:25 0.77  0.09  73.19  0.79  15.99 -2.30  0  0  0  0 
11-Apr-2008  18:27:27 0.58  0.16  71.59  1.15  22.25 -2.99  0  0  0  0 
11-Apr-2008  18:27:30 0.51  0.14  73.73  1.90  27.98 -4.58  0  0  0  0 
11-Apr-2008  18:27:33 0.72  0.11  70.14  0.91  13.70 -1.62  0  0  0  0 
11-Apr-2008  18:27:37 1.06  0.16  72.84  0.98  21.79 -3.22  0  0  0  0 
11-Apr-2008  18:27:41 2.38  0.36  63.05  1.39  22.07 -2.35  0  0  0  0 
11-Apr-2008  18:28:03 0.47  0.09  81.01  2.67  7.41 -1.87  0  0  0  0 
11-Apr-2008  18:28:05 2.45  0.16  72.94  2.60  11.62 -1.57  0  1  0  0 
11-Apr-2008  18:28:06 1.98  0.19  71.37  2.00  10.93 -1.32  0  0  0  1 
11-Apr-2008  18:28:11 0.45  0.17  71.40  1.76  17.01 -2.29  0  0  0  0 
11-Apr-2008  18:28:40 0.85  0.13  75.03  1.79  27.74 -4.63  0  0  0  0 
11-Apr-2008  18:28:42 0.48  0.11  74.47  2.44  14.57 -2.30  0  0  0  0 
11-Apr-2008  18:28:45 0.55  0.09  77.76  1.58  14.98 -3.09  0  0  0  0 
11-Apr-2008  18:28:53 1.11  0.24  71.24  2.42  14.57 -1.90  0  0  0  0 
11-Apr-2008  18:28:55 0.49  0.15  75.98  1.87  13.97 -2.37  0  0  0  0 
11-Apr-2008  18:29:01 1.20  0.33  73.18  1.61  10.95 -1.31  0  1  0  0 
11-Apr-2008  18:29:03 0.48  0.02  80.51  1.46  8.21 -1.93  0  1  0  0 
11-Apr-2008  18:29:08 1.20  0.19  73.90  1.18  19.69 -3.00  0  1  0  0 
11-Apr-2008  18:29:10 0.68  0.07  72.65  1.51  16.44 -2.33  0  0  0  0 
11-Apr-2008  18:29:17 0.46  0.04  81.04  0.71  6.44 -1.55  0  0  0  0 
11-Apr-2008  18:29:22 1.27  0.11  74.13  1.21  10.90 -1.59  0  0  0  0 
11-Apr-2008  18:29:26 1.03  0.09  71.32  0.57  15.03 -1.91  0  1  0  0 
11-Apr-2008  18:29:28 1.12  0.20  71.51  2.17  12.74 -1.62  0  0  0  0 
11-Apr-2008  18:29:28 0.97  0.27  70.18  1.25  12.56 -1.40  0  0  0  0 
11-Apr-2008  18:29:31 0.31  0.06  79.18  1.68  11.28 -2.45  0  0  0  0 
11-Apr-2008  18:29:32 3.83  0.24  67.68  2.83  12.80 -1.36  0  1  1  0 
11-Apr-2008  18:29:36 0.41  0.04  80.85  1.16  7.87 -1.88  0  0  0  0 
11-Apr-2008  18:29:39 1.25  0.22  69.09  1.71  16.27 -1.86  0  0  0  0 
11-Apr-2008  18:29:43 0.68  0.10  75.54  1.15  11.88 -1.88  0  0  0  0 
11-Apr-2008  18:29:44 0.43  0.05  79.66  1.54  8.94 -1.87  0  0  0  0 
11-Apr-2008  18:29:47 0.84  0.56  73.43  2.56  13.39 -1.89  0  0  0  0 
11-Apr-2008  18:30:00 1.47  0.15  72.98  0.52  13.61 -1.84  0  0  0  0 
11-Apr-2008  18:30:03 0.87  0.15  75.71  1.25  13.91 -2.27  0  0  0  0 
11-Apr-2008  18:30:04 0.63  0.10  76.40  1.29  16.71 -3.08  0  0  0  0 
11-Apr-2008  18:30:09 0.54  0.08  79.06  1.50  7.85 -1.61  0  0  0  0 
11-Apr-2008  18:30:15 3.25  0.25  70.80  1.40  11.52 -1.36  0  0  0  1 
11-Apr-2008  18:30:17 0.60  0.16  73.08  2.21  16.58 -2.45  0  0  0  0 
11-Apr-2008  18:30:22 1.02  0.05  81.40  1.11  9.23 -2.51  0  0  0  0 
11-Apr-2008  18:30:25 0.88  0.15  72.38  1.24  21.54 -3.06  0  0  0  0 
11-Apr-2008  18:30:30 0.56  0.16  73.35  1.01  30.25 -4.49  0  0  0  0 
11-Apr-2008  18:30:30 0.49  0.12  76.11  0.94  26.14 -4.72  0  0  0  0 
11-Apr-2008  18:30:31 0.54  0.11  74.62  2.47  28.59 -4.80  0  0  0  0 
11-Apr-2008  18:30:33 0.73  0.13  72.76  1.22  16.86 -2.32  0  0  0  0 
11-Apr-2008  18:30:36 1.25  0.07  76.54  0.80  25.38 -4.77  0  0  0  0 
11-Apr-2008  18:30:38 1.02  0.11  70.70  2.08  23.24 -3.11  0  0  0  0 
11-Apr-2008  18:30:39 0.46  0.06  80.71  2.93  10.07 -2.37  0  0  0  0 
11-Apr-2008  18:30:40 1.10  0.19  71.20  2.03  16.42 -2.38  0  0  0  0 
11-Apr-2008  18:30:44 0.16  0.03  81.58  2.00  17.41 -4.75  0  0  0  0 
11-Apr-2008  18:30:44 0.82  0.04  82.70  1.57  10.11 -3.08  0  1  0  1 
11-Apr-2008  18:30:49 1.01  0.16  74.23  2.14  20.60 -3.28  0  0  0  0 
11-Apr-2008  18:30:50 0.83  0.15  72.77  1.32  31.22 -4.63  0  0  0  0 
11-Apr-2008  18:30:51 1.93  0.22  71.11  0.60  23.71 -3.20  0  0  0  0 
11-Apr-2008  18:30:54 0.46  0.05  80.36  0.46  13.96 -3.30  0  0  0  0 
11-Apr-2008  18:30:55 0.24  0.05  81.27  1.51  12.81 -3.23  0  0  0  0 
11-Apr-2008  18:30:55 0.49  0.06  73.43  1.27  11.82 -1.62  0  0  0  0 
11-Apr-2008  18:30:56 0.57  0.01  81.71  0.43  11.39 -3.08  0  0  0  0 
11-Apr-2008  18:30:59 0.74  0.04  81.72  0.69  11.09 -3.06  0  0  0  0 
11-Apr-2008  18:31:02 0.59  0.16  75.19  1.65  19.39 -3.20  0  0  0  0 
11-Apr-2008  18:31:02 0.89  0.21  73.03  1.33  16.49 -2.39  0  0  0  0 
11-Apr-2008  18:31:10 0.89  0.14  72.21  1.41  13.70 -1.82  0  0  0  0 
11-Apr-2008  18:31:13 0.48  0.09  75.61  1.36  11.80 -1.83  0  0  0  0 
11-Apr-2008  18:31:15 0.29  0.02  81.55  0.76  12.33 -3.35  0  0  0  0 
11-Apr-2008  18:31:15 1.13  0.15  72.06  1.41  17.48 -2.38  0  0  0  0 
11-Apr-2008  18:31:20 0.56  0.11  78.89  0.39  9.42 -1.91  0  0  1  0 
11-Apr-2008  18:31:21 0.27  0.05  81.49  2.02  8.81 -2.38  0  0  0  0 
11-Apr-2008  18:31:29 0.71  0.28  71.41  1.17  22.11 -3.14  0  1  0  0 
11-Apr-2008  18:31:48 0.77  0.05  81.27  0.96  9.57 -2.50  0  0  0  0 
11-Apr-2008  18:31:50 0.98  0.24  69.09  0.79  14.54 -1.62  0  0  0  0 
11-Apr-2008  18:31:56 0.39  0.04  80.57  1.42  7.99 -1.82  0  0  0  0 
11-Apr-2008  18:32:01 0.82  0.23  70.67  2.33  18.48 -2.48  0  0  0  0 
11-Apr-2008  18:32:03 0.31  0.05  76.33  0.89  13.52 -2.28  0  0  0  0 
11-Apr-2008  18:32:13 0.77  0.14  74.54  0.03  19.29 -3.23  0  0  0  0 
11-Apr-2008  18:32:14 1.46  0.22  72.50  0.97  17.04 -2.44  0  0  0  1 
11-Apr-2008  18:32:21 0.47  0.05  80.91  1.41  8.04 -1.88  0  0  0  0 
11-Apr-2008  18:32:22 0.54  0.13  73.02  1.52  20.58 -3.03  0  0  0  0 
11-Apr-2008  18:32:25 0.44  0.08  81.32  2.26  9.23 -2.40  0  1  0  0 
11-Apr-2008  18:32:26 0.25  0.06  81.81  1.95  11.47 -3.18  0  0  0  0 
11-Apr-2008  18:32:31 0.58  0.14  71.72  0.64  23.73 -3.08  0  0  0  0 
11-Apr-2008  18:32:33 0.45  0.07  81.81  0.79  16.91 -5.11  0  0  0  0 
11-Apr-2008  18:32:34 0.83  0.23  71.04  0.71  16.81 -2.33  0  0  1  1 
11-Apr-2008  18:32:36 0.53  0.11  73.81  1.17  13.60 -1.96  0  1  0  0 
11-Apr-2008  18:32:51 0.41  0.14  72.95  1.73  14.30 -1.90  0  0  0  0 
11-Apr-2008  18:33:02 0.75  0.22  72.12  1.51  16.74 -2.41  0  0  0  0 
11-Apr-2008  18:33:14 0.56  0.07  81.47  2.34  12.34 -3.24  0  0  0  0 
11-Apr-2008  18:33:21 1.30  0.06  81.25  0.65  7.61 -2.03  0  0  0  0 
11-Apr-2008  18:33:49 0.51  0.09  72.83  0.76  31.71 -4.63  0  0  0  0 
11-Apr-2008  18:34:03 1.41  0.23  71.80  1.09  15.35 -1.97  0  0  0  0 
11-Apr-2008  18:34:05 0.43  0.13  74.91  1.09  27.72 -4.60  0  0  0  0 
11-Apr-2008  18:34:08 1.10  0.10  75.74  1.79  12.61 -1.95  0  0  0  0 
11-Apr-2008  18:34:26 0.93  0.06  78.38  0.45  15.30 -3.15  0  0  0  0 
11-Apr-2008  18:34:26 1.49  0.12  83.21  1.43  13.56 -4.89  0  1  1  0 
11-Apr-2008  18:34:32 0.48  0.13  72.87  1.53  17.24 -2.43  0  0  0  0 
11-Apr-2008  18:34:35 0.50  0.11  74.91  1.69  12.86 -1.91  0  0  0  0 
11-Apr-2008  18:34:51 0.34  0.06  78.23  1.24  12.80 -2.35  0  0  0  0 
11-Apr-2008  18:34:53 0.87  0.18  69.73  1.13  20.10 -2.54  0  0  0  0 
11-Apr-2008  18:34:58 0.74  0.10  72.09  0.94  35.14 -5.11  0  0  0  0 
11-Apr-2008  18:35:01 0.91  0.07  81.58  1.66  7.47 -1.94  1  0  0  0 
