Floating wood at Chazey for flood on 20080407
Date Time Length(m) Diameter(m) Position(m) Angle(rad) Velocity(m/s) Rotation(rad/s) Roots(1/0) Branches(1/0) Grouped(1/0) PartSubmerged(1/0)
11-Apr-2008  05:05:08 0.51  0.11  72.67  1.59  7.53 -1.71  0  0  0  0 
11-Apr-2008  05:05:09 3.07  0.16  71.13 -2.99  8.57  3.05  0  0  0  0 
11-Apr-2008  05:05:11 1.35  0.11  72.36  0.71  10.21 -2.73  0  0  0  0 
11-Apr-2008  05:05:13 0.66  0.14  72.86  0.88  10.23 -2.71  0  0  1  0 
11-Apr-2008  05:05:14 0.99  0.10  74.93  0.96  9.30 -2.74  0  0  0  0 
11-Apr-2008  05:05:15 0.59  0.07  71.44  1.50  8.43 -1.86  0  0  0  0 
11-Apr-2008  05:05:19 3.33  0.22  72.88  1.59  7.30 -1.63  0  0  0  0 
11-Apr-2008  05:05:25 0.37  0.11  74.43  1.21  18.06 -5.87  0  0  0  0 
11-Apr-2008  05:05:42 0.81  0.12  74.24  2.05  7.75 -1.79  0  1  1  0 
11-Apr-2008  05:05:53 1.71  0.13  70.16  0.61  9.24 -1.89  0  0  0  0 
11-Apr-2008  05:05:55 0.42  0.10  70.69  1.91  11.61 -2.79  0  0  0  0 
11-Apr-2008  05:05:57 0.58  0.12  74.08  1.76  12.09 -3.71  0  0  0  0 
11-Apr-2008  05:05:58 1.02  0.13  73.66  1.00  19.08 -5.91  0  0  1  1 
11-Apr-2008  05:05:58 0.92  0.10  71.77  0.77  18.91 -5.14  0  0  0  0 
11-Apr-2008  05:06:04 0.55  0.10  74.76  0.92  9.40 -2.74  0  0  0  0 
11-Apr-2008  05:06:05 0.58  0.07  73.16  0.85  10.38 -2.68  0  0  0  0 
11-Apr-2008  05:06:08 0.54  0.17  69.47  1.11  8.63 -1.82  0  0  0  0 
11-Apr-2008  05:06:09 0.67  0.09  74.89  1.73  6.78 -1.83  0  0  0  0 
11-Apr-2008  05:06:19 0.92  0.23  69.45  1.15  9.13 -1.81  0  0  0  0 
11-Apr-2008  05:06:20 2.13  0.06  72.36  0.28  7.42 -1.57  0  0  0  0 
11-Apr-2008  05:06:42 0.75  0.06  74.15  1.56  9.48 -2.52  0  0  0  0 
11-Apr-2008  05:06:51 3.12  0.16  72.17  0.70  10.89 -2.77  0  0  0  0 
11-Apr-2008  05:06:54 1.49  0.17  72.97  1.56  20.19 -6.05  0  1  0  0 
11-Apr-2008  05:06:58 0.50  0.06  73.79  1.37  11.90 -3.52  0  0  0  0 
11-Apr-2008  05:07:08 4.45  0.40  71.18  1.76  14.95 -3.91  0  0  0  1 
11-Apr-2008  05:07:26 0.64  0.13  70.90  1.60  10.22 -2.31  0  0  0  0 
11-Apr-2008  05:07:27 1.27  0.13  70.64  2.19  11.77 -2.81  0  0  0  0 
11-Apr-2008  05:07:28 0.50  0.11  74.45  1.15  15.81 -5.30  0  0  0  0 
11-Apr-2008  05:07:28 1.39  0.15  71.35  1.79  15.60 -4.05  0  0  0  0 
11-Apr-2008  05:07:35 0.63  0.06  72.45  1.28  13.33 -3.71  0  0  0  0 
11-Apr-2008  05:07:37 0.78  0.05  74.69  1.35  8.19 -2.23  0  0  0  0 
11-Apr-2008  05:07:41 1.49  0.30  60.32  2.61  31.43 -6.11  0  0  0  0 
11-Apr-2008  05:07:42 0.34  0.11  73.58  1.20  10.64 -3.08  0  0  1  0 
11-Apr-2008  05:07:42 0.91  0.04  74.33  0.26  18.34 -5.98  0  0  1  1 
11-Apr-2008  05:07:49 0.66  0.07  70.68  1.18  15.77 -3.98  0  0  0  0 
11-Apr-2008  05:07:52 0.66  0.14  71.78  0.99  12.15 -2.85  0  0  0  0 
11-Apr-2008  05:07:52 0.75  0.13  71.55  1.30  9.72 -2.28  0  0  0  0 
11-Apr-2008  05:07:52 1.73  0.10  73.70  0.91  7.08 -1.65  0  1  1  1 
11-Apr-2008  05:07:55 0.64  0.14  70.50  1.39  16.17 -3.85  0  0  0  0 
11-Apr-2008  05:07:55 0.84  0.06  74.13  1.06  10.29 -3.01  0  0  0  0 
11-Apr-2008  05:07:58 0.69  0.21  70.74  2.37  9.87 -2.29  0  0  0  0 
11-Apr-2008  05:08:04 2.89  0.18  71.82  1.27  7.59 -1.64  0  0  0  1 
11-Apr-2008  05:08:26 1.47  0.15  73.01  2.13  10.85 -2.77  0  1  0  1 
11-Apr-2008  05:08:27 0.56  0.11  75.31  1.83  12.76 -3.91  0  1  0  0 
11-Apr-2008  05:08:28 0.81  0.12  71.69  0.12  14.29 -3.95  0  0  0  0 
11-Apr-2008  05:08:33 1.02  0.31  62.49  1.77  11.64 -1.93  0  0  0  0 
11-Apr-2008  05:08:40 1.41  0.10  69.39  0.90  10.86 -2.39  0  0  0  0 
11-Apr-2008  05:09:04 0.85  0.08  75.66  0.51  14.58 -5.03  0  1  0  1 
11-Apr-2008  05:09:06 1.05  0.17  68.86  2.42  9.27 -1.91  0  0  0  0 
11-Apr-2008  05:09:07 0.66  0.13  74.96  1.94  16.99 -6.04  0  0  0  0 
11-Apr-2008  05:09:08 0.75  0.15  75.11  0.90  12.40 -3.94  0  0  0  0 
11-Apr-2008  05:09:15 0.68  0.17  70.62  0.69  9.33 -2.02  0  0  0  0 
11-Apr-2008  05:09:19 1.77  0.19  71.76  0.83  18.03 -5.31  0  0  0  0 
11-Apr-2008  05:09:23 0.78  0.16  71.60  0.92  14.49 -4.01  0  0  0  0 
11-Apr-2008  05:09:36 0.43  0.15  71.57  1.39  18.56 -5.40  0  0  0  0 
11-Apr-2008  05:09:39 0.88  0.09  69.72  1.13  11.96 -2.77  0  0  0  0 
11-Apr-2008  05:09:41 0.55  0.16  70.73  1.83  12.36 -3.06  0  0  0  0 
11-Apr-2008  05:10:03 1.81  0.06  74.45  1.56  9.52 -2.79  0  0  0  0 
11-Apr-2008  05:10:04 5.97  0.14  71.47  1.27  11.06 -2.77  1  0  0  1 
11-Apr-2008  05:10:11 0.40  0.09  76.06  0.89  14.83 -5.38  0  0  0  0 
11-Apr-2008  05:10:11 0.49  0.08  76.87  1.50  10.30 -4.04  0  0  0  0 
11-Apr-2008  05:10:24 0.55  0.11  75.99  3.12  11.47 -3.59  0  0  0  0 
11-Apr-2008  05:10:57 0.98  0.21  73.42  2.04  10.67 -2.79  0  0  0  0 
11-Apr-2008  05:10:57 0.40  0.13  73.34  2.09  13.08 -3.58  0  0  0  0 
11-Apr-2008  05:10:58 0.43  0.13  73.90  0.81  16.26 -5.24  0  0  0  0 
11-Apr-2008  05:11:01 0.60  0.05  75.21  1.10  11.97 -4.09  0  0  0  0 
11-Apr-2008  05:11:02 0.66  0.11  74.16  1.70  12.89 -4.07  0  1  0  0 
11-Apr-2008  05:11:07 8.01  0.55  63.84  1.37  11.88 -2.26  0  1  0  1 
11-Apr-2008  05:11:12 2.26  0.14  73.51  0.90  9.66 -2.77  0  0  0  1 
11-Apr-2008  05:11:12 0.76  0.12  73.10  1.53  8.79 -2.27  0  0  0  0 
11-Apr-2008  05:11:12 0.70  0.11  73.96  1.12  13.17 -4.01  0  0  0  0 
11-Apr-2008  05:11:13 0.52  0.12  73.63  1.26  12.22 -3.47  0  0  0  0 
11-Apr-2008  05:11:15 0.81  0.12  73.51  0.92  16.47 -5.10  0  0  0  0 
11-Apr-2008  05:11:16 1.12  0.10  74.80  1.31  11.63 -3.59  0  0  0  0 
11-Apr-2008  05:11:17 0.48  0.06  74.13  1.24  26.73 -9.07  0  0  0  0 
11-Apr-2008  05:11:18 0.56  0.11  73.78  1.26  16.73 -5.09  0  0  0  0 
11-Apr-2008  05:11:18 0.92  0.08  74.19  0.66  18.43 -5.94  0  0  0  0 
11-Apr-2008  05:11:21 0.55  0.10  77.06  2.90  8.39 -2.75  0  0  0  0 
11-Apr-2008  05:11:24 1.26  0.36  61.13  2.86  14.02 -2.75  0  0  0  0 
11-Apr-2008  05:11:30 0.80  0.12  72.98  1.01  20.34 -6.06  0  0  0  0 
11-Apr-2008  05:11:32 0.66  0.17  74.35  0.58  35.71 -12.22  0  0  0  0 
11-Apr-2008  05:11:34 0.93  0.05  75.42  1.19  17.25 -5.98  0  0  0  0 
11-Apr-2008  05:11:37 0.78  0.11  75.45  0.87  17.67 -5.98  0  0  0  0 
11-Apr-2008  05:11:40 0.84  0.11  73.94  1.16  15.89 -5.01  0  0  0  0 
11-Apr-2008  05:11:40 1.88  0.09  75.39  1.39  11.33 -3.60  0  1  0  1 
11-Apr-2008  05:11:41 1.60  0.19  72.03  1.57  11.02 -2.76  0  0  0  1 
11-Apr-2008  05:11:46 0.60  0.14  75.67  1.27  17.32 -6.03  0  0  0  0 
11-Apr-2008  05:11:46 0.59  0.07  75.24  0.92  17.54 -5.92  0  0  0  0 
11-Apr-2008  05:11:47 0.30  0.07  76.96  1.57  13.38 -5.13  0  0  0  0 
11-Apr-2008  05:11:47 0.83  0.16  73.11  2.37  20.26 -6.05  0  0  0  0 
11-Apr-2008  05:11:49 0.59  0.11  73.48  1.64  19.87 -5.92  0  0  0  0 
11-Apr-2008  05:11:50 0.84  0.12  74.66  0.68  12.09 -4.02  0  0  0  0 
11-Apr-2008  05:11:51 0.39  0.10  75.29  1.35  15.26 -5.24  0  0  0  0 
11-Apr-2008  05:11:54 1.26  0.15  72.60 -3.10  13.34  5.77  0  0  0  0 
11-Apr-2008  05:11:55 0.94  0.15  74.39  1.30  11.74 -3.65  0  0  0  0 
11-Apr-2008  05:11:55 0.86  0.23  73.05  0.64  13.34 -4.01  0  0  0  0 
11-Apr-2008  05:11:58 0.61  0.14  73.74  1.88  16.46 -5.18  0  0  0  0 
11-Apr-2008  05:12:02 1.11  0.21  70.73  1.33  10.09 -2.27  0  0  0  0 
11-Apr-2008  05:12:09 0.66  0.11  75.75  2.45  11.40 -3.68  0  0  0  0 
11-Apr-2008  05:12:12 0.78  0.14  71.55  1.21  9.67 -2.26  0  0  0  0 
11-Apr-2008  05:12:13 0.63  0.17  70.95  2.08  9.86 -2.28  0  0  0  0 
11-Apr-2008  05:12:15 0.77  0.11  73.79  1.22  12.47 -3.56  0  0  0  0 
11-Apr-2008  05:12:17 1.62  0.17  72.48  1.44  10.77 -2.84  0  0  0  0 
11-Apr-2008  05:12:19 0.64  0.09  75.17  0.98  18.25 -6.02  0  0  0  0 
11-Apr-2008  05:12:19 0.64  0.17  72.67  1.46  20.18 -5.83  0  0  0  0 
11-Apr-2008  05:12:20 1.22  0.11  74.55  1.01  11.32 -3.68  0  0  0  0 
11-Apr-2008  05:12:22 0.53  0.13  74.02  0.57  13.32 -4.08  0  0  0  0 
11-Apr-2008  05:12:23 0.84  0.21  72.43  1.22  20.36 -6.19  0  0  0  0 
11-Apr-2008  05:12:23 1.27  0.08  71.00  3.00  15.11 -4.00  0  0  1  0 
11-Apr-2008  05:12:27 0.90  0.12  70.34  2.04  12.35 -2.94  0  0  0  0 
11-Apr-2008  05:12:30 0.69  0.05  73.43  1.04  14.06 -3.91  0  0  0  0 
11-Apr-2008  05:12:33 0.64  0.18  71.65  0.89  19.42 -5.39  0  0  0  0 
11-Apr-2008  05:12:40 0.52  0.14  71.80  1.88  10.07 -2.39  0  0  0  0 
11-Apr-2008  05:12:44 0.99  0.14  75.07  0.48  10.25 -3.01  0  1  1  1 
11-Apr-2008  05:12:45 0.42  0.11  73.23  1.77  10.17 -2.61  0  0  0  0 
11-Apr-2008  05:12:46 0.41  0.08  77.10  1.43  13.89 -5.51  0  0  0  0 
11-Apr-2008  05:12:49 0.56  0.11  73.12  1.66  11.42 -3.03  0  0  0  0 
11-Apr-2008  05:12:52 0.31  0.07  71.04  1.39  12.59 -3.19  0  0  0  0 
11-Apr-2008  05:12:53 0.55  0.10  69.78  2.33  9.69 -2.10  0  0  0  0 
11-Apr-2008  05:12:57 0.36  0.08  80.47  0.79  11.96 -5.91  0  0  0  0 
11-Apr-2008  05:13:01 0.63  0.07  73.57  0.66  13.06 -4.05  0  0  0  0 
11-Apr-2008  05:13:01 0.31  0.08  75.89  0.49  17.29 -6.08  0  0  0  0 
11-Apr-2008  05:13:15 0.79  0.15  72.14  0.26  21.09 -5.92  0  0  0  0 
11-Apr-2008  05:13:17 0.79  0.06  74.12  1.29  12.84 -4.07  0  0  0  0 
11-Apr-2008  05:13:19 1.64  0.13  69.85  0.62  8.31 -1.68  0  0  0  0 
11-Apr-2008  05:13:20 0.88  0.24  62.44  0.72  15.46 -2.97  0  0  0  0 
11-Apr-2008  05:13:21 0.57  0.10  72.43  2.10  11.35 -2.98  0  0  0  0 
11-Apr-2008  05:13:24 0.48  0.05  75.99  0.43  11.51 -3.74  0  0  0  0 
11-Apr-2008  05:13:26 0.72  0.23  71.14  0.39  13.77 -3.68  0  0  0  0 
11-Apr-2008  05:13:29 0.92  0.19  61.49  1.13  11.74 -2.27  0  0  0  0 
11-Apr-2008  05:13:29 6.51  0.72  72.48  0.55  8.05 -1.85  0  1  0  1 
11-Apr-2008  05:13:33 0.94  0.10  69.04  0.96  10.71 -2.37  0  0  0  0 
11-Apr-2008  05:13:34 2.39  0.20  72.03  0.22  19.21 -5.57  0  0  1  1 
11-Apr-2008  05:13:37 1.54  0.30  72.16  2.07  6.76 -1.29  0  0  0  0 
11-Apr-2008  05:13:44 0.39  0.05  75.30  1.23  15.03 -5.33  0  0  0  0 
11-Apr-2008  05:13:45 0.37  0.14  74.36  0.97  8.85 -2.28  0  0  0  0 
11-Apr-2008  05:13:56 1.28  0.14  71.80  1.54  10.74 -2.75  0  0  0  0 
11-Apr-2008  05:14:06 1.95  0.15  71.84  0.93  14.31 -3.81  0  0  0  0 
11-Apr-2008  05:14:06 1.27  0.25  69.96  2.53  9.87 -2.21  0  1  0  0 
11-Apr-2008  05:14:07 2.05  0.19  63.20  2.80  18.07 -3.66  0  0  0  0 
11-Apr-2008  05:14:08 0.54  0.08  71.62  0.74  11.55 -2.63  0  0  0  0 
11-Apr-2008  05:14:12 0.69  0.10  74.51  1.28  9.12 -2.70  0  0  0  0 
11-Apr-2008  05:14:13 1.05  0.11  74.85  2.00  10.78 -3.44  1  0  0  0 
11-Apr-2008  05:14:13 0.62  0.13  72.07  1.17  10.80 -2.73  0  0  0  0 
11-Apr-2008  05:14:14 0.45  0.10  74.68  1.77  12.39 -3.62  0  0  0  0 
11-Apr-2008  05:14:15 0.59  0.18  69.22  1.70  9.43 -2.01  0  0  0  0 
11-Apr-2008  05:14:17 1.17  0.16  68.14  2.03  12.00 -2.64  0  0  0  0 
11-Apr-2008  05:14:18 0.94  0.12  72.41  2.22  9.46 -2.57  0  0  0  0 
11-Apr-2008  05:14:21 0.93  0.11  73.01  1.07  8.27 -1.98  0  0  0  0 
11-Apr-2008  05:14:27 1.22  0.13  71.27  2.63  8.16 -1.72  0  1  0  0 
11-Apr-2008  05:14:38 0.56  0.14  69.48  2.80  10.94 -2.48  0  0  0  0 
11-Apr-2008  05:14:51 1.21  0.06  71.72  0.53  11.76 -3.21  0  0  0  0 
11-Apr-2008  05:14:52 0.72  0.19  71.31  0.80  18.95 -5.40  0  0  0  1 
11-Apr-2008  05:14:54 0.30  0.16  70.32  1.66  10.95 -2.34  0  0  0  0 
11-Apr-2008  05:15:03 0.83  0.08  71.02  1.03  12.31 -3.22  0  0  0  0 
11-Apr-2008  05:15:09 0.75  0.10  71.09  1.95  18.11 -4.71  0  0  0  0 
11-Apr-2008  05:15:13 0.97  0.11  69.39  1.99  13.57 -3.46  0  0  0  0 
11-Apr-2008  05:15:16 1.32  0.20  69.62  0.88  12.06 -2.95  0  1  0  0 
11-Apr-2008  05:15:17 0.63  0.18  70.46  0.84  12.04 -3.01  0  0  0  0 
11-Apr-2008  05:15:30 0.42  0.05  75.83  1.00  12.37 -4.33  0  0  0  0 
11-Apr-2008  05:15:35 0.68  0.31  69.24  2.15  8.84 -1.82  0  0  0  0 
11-Apr-2008  05:15:38 2.21  0.14  71.05  1.17  10.48 -2.30  0  0  0  0 
11-Apr-2008  05:15:50 0.96  0.02  70.57 -3.08  10.48  3.88  0  0  0  0 
11-Apr-2008  05:15:51 0.28  0.06  73.33  1.55  11.35 -3.29  0  0  0  0 
11-Apr-2008  05:15:59 0.82  0.06  73.31  0.80  31.17 -9.79  0  0  0  0 
11-Apr-2008  05:16:00 1.03  0.18  61.96  1.03  11.33 -1.98  0  0  0  0 
11-Apr-2008  05:16:01 0.63  0.11  74.80  1.04  8.33 -2.35  0  0  0  0 
11-Apr-2008  05:16:13 1.09  0.14  72.15  3.13  13.06 -3.44  0  0  0  0 
11-Apr-2008  05:16:14 1.63  0.11  73.07  1.12  8.18 -1.91  0  0  0  1 
11-Apr-2008  05:16:16 2.45  0.13  72.53  0.81  10.35 -2.54  0  0  0  0 
11-Apr-2008  05:16:19 1.71  0.21  74.27  1.45  11.20 -3.43  0  0  0  0 
11-Apr-2008  05:16:23 0.94  0.15  71.39  0.94  13.69 -3.46  0  0  0  0 
11-Apr-2008  05:16:25 0.36  0.10  75.73  1.08  15.25 -5.20  0  0  0  0 
11-Apr-2008  05:16:25 0.37  0.05  75.33  1.36  13.93 -5.03  0  0  0  0 
11-Apr-2008  05:16:25 0.98  0.08  75.29  0.52  13.81 -4.82  0  0  0  0 
11-Apr-2008  05:16:26 0.53  0.09  69.46  1.25  13.33 -3.27  0  0  0  0 
11-Apr-2008  05:16:27 0.44  0.19  69.13  1.42  13.95 -3.20  0  0  0  0 
11-Apr-2008  05:16:39 1.11  0.15  71.00  1.52  9.26 -2.12  0  0  0  0 
11-Apr-2008  05:16:42 0.96  0.14  73.80  1.95  8.42 -2.20  0  1  0  1 
11-Apr-2008  05:16:44 0.56  0.09  76.25  1.26  14.52 -5.47  0  0  0  0 
11-Apr-2008  05:16:44 0.59  0.09  75.98  1.35  14.52 -5.12  0  0  0  0 
11-Apr-2008  05:16:46 0.94  0.19  71.20  2.62  20.13 -5.35  0  0  0  0 
11-Apr-2008  05:16:48 2.25  0.06  68.98  0.10  12.54 -2.79  0  0  0  0 
11-Apr-2008  05:17:01 0.80  0.07  71.58  0.96  12.06 -3.06  0  0  0  0 
11-Apr-2008  05:17:10 0.37  0.13  71.47  1.39  12.55 -3.22  0  0  0  0 
11-Apr-2008  05:17:16 0.47  0.10  73.56  1.25  14.20 -3.99  0  0  0  0 
11-Apr-2008  05:17:16 1.13  0.10  76.85  0.82  6.67 -2.00  0  0  0  0 
11-Apr-2008  05:17:21 0.69  0.14  74.23  0.66  16.17 -5.13  0  0  0  0 
11-Apr-2008  05:17:22 0.35  0.07  72.59  1.38  20.10 -6.24  0  0  0  0 
11-Apr-2008  05:17:24 0.59  0.15  71.93  1.39  14.22 -4.13  0  0  0  0 
11-Apr-2008  05:17:26 0.44  0.12  71.69  0.83  20.88 -6.02  0  0  0  0 
11-Apr-2008  05:17:27 0.39  0.19  64.67  2.10  15.23 -2.99  0  0  0  0 
11-Apr-2008  05:17:30 0.27  0.10  74.90  1.97  13.87 -4.35  0  0  0  0 
11-Apr-2008  05:17:31 1.56  0.25  68.35  1.52  9.74 -1.99  0  1  0  1 
11-Apr-2008  05:17:33 2.53  0.19  68.39  1.35  16.26 -3.95  0  0  0  1 
11-Apr-2008  05:17:41 1.14  0.15  73.53  3.13  9.77 -2.41  0  0  0  0 
11-Apr-2008  05:17:49 0.85  0.08  76.45  2.18  42.33 -15.78  0  0  0  0 
11-Apr-2008  05:17:50 0.85  0.07  77.25  2.31  17.35 -6.93  0  0  0  0 
11-Apr-2008  05:17:50 0.52  0.11  74.41  2.45  18.31 -6.07  0  0  0  0 
11-Apr-2008  05:17:54 0.69  0.12  74.07  0.89  13.65 -3.99  0  0  0  0 
11-Apr-2008  05:17:59 0.41  0.10  73.29  2.28  9.17 -2.26  0  0  0  0 
11-Apr-2008  05:18:03 0.50  0.25  70.62  1.72  21.50 -6.03  0  0  0  0 
11-Apr-2008  05:18:09 0.86  0.13  71.52  1.31  40.79 -12.09  0  0  0  0 
11-Apr-2008  05:18:11 2.38  0.07  73.49  0.90  7.16 -1.70  0  0  0  0 
11-Apr-2008  05:18:15 0.71  0.11  70.82  2.24  42.50 -12.05  0  0  0  0 
11-Apr-2008  05:18:15 1.16  0.13  73.64  0.93  10.59 -2.85  0  0  0  0 
11-Apr-2008  05:18:21 0.78  0.09  75.06  1.59  10.33 -3.10  0  0  1  0 
11-Apr-2008  05:18:22 0.91  0.13  70.42  0.74  22.20 -6.05  0  0  0  0 
11-Apr-2008  05:18:24 3.83  0.15  67.81  0.27  11.79 -2.56  1  1  1  0 
11-Apr-2008  05:18:24 0.79  0.28  67.83  1.55  13.37 -2.89  0  1  1  0 
11-Apr-2008  05:18:28 0.52  0.12  72.84  1.14  9.28 -2.40  0  0  0  0 
11-Apr-2008  05:18:31 2.80  0.22  71.49  0.90  9.15 -2.07  0  0  0  0 
11-Apr-2008  05:18:34 0.53  0.15  70.24  0.52  14.99 -3.76  0  0  0  0 
11-Apr-2008  05:18:48 0.74  0.10  71.76  0.66  15.51 -4.39  0  0  0  0 
11-Apr-2008  05:18:49 0.43  0.12  73.44  0.86  14.71 -4.57  0  0  0  0 
11-Apr-2008  05:18:52 0.33  0.11  75.07  2.26  10.03 -3.09  0  0  0  0 
11-Apr-2008  05:18:55 0.65  0.07  72.19  1.18  15.64 -4.35  0  0  0  0 
11-Apr-2008  05:18:58 1.89  0.11  75.02  1.04  13.58 -4.41  0  1  0  1 
11-Apr-2008  05:18:59 0.95  0.11  74.03  1.47  13.05 -3.85  0  0  0  0 
11-Apr-2008  05:18:59 0.48  0.06  72.76  1.12  15.53 -4.33  0  0  0  0 
11-Apr-2008  05:19:01 0.96  0.05  74.76  0.87  11.11 -3.21  0  0  0  0 
11-Apr-2008  05:19:02 0.89  0.11  70.59  0.42  16.23 -4.02  0  0  0  0 
11-Apr-2008  05:19:03 0.79  0.17  68.57  0.42  24.36 -5.97  0  0  0  0 
11-Apr-2008  05:19:06 0.54  0.11  73.40  1.16  11.87 -3.21  0  0  0  0 
11-Apr-2008  05:19:07 0.42  0.05  74.13  1.24  11.08 -3.10  0  0  0  0 
11-Apr-2008  05:19:11 0.63  0.07  72.76  2.60  14.17 -4.01  0  0  0  0 
11-Apr-2008  05:19:13 0.68  0.08  72.60  0.66  9.92 -2.49  0  0  0  0 
11-Apr-2008  05:19:23 1.04  0.14  71.58  0.81  8.95 -2.09  0  0  0  0 
11-Apr-2008  05:19:26 0.69  0.18  64.89  0.74  15.06 -3.23  0  0  0  0 
11-Apr-2008  05:19:33 0.76  0.15  74.23  1.03  11.36 -3.18  0  0  0  0 
11-Apr-2008  05:19:40 0.41  0.10  67.94  2.47  13.62 -2.84  0  0  0  0 
11-Apr-2008  05:19:40 0.66  0.07  73.86  0.45  8.18 -2.08  0  0  0  0 
11-Apr-2008  05:19:41 1.46  0.11  73.31  1.04  11.46 -3.01  0  0  0  0 
11-Apr-2008  05:19:41 0.44  0.07  74.92  0.68  13.98 -4.34  0  0  0  0 
11-Apr-2008  05:19:45 0.50  0.11  75.02  0.93  20.03 -6.83  0  0  0  0 
11-Apr-2008  05:19:51 1.05  0.13  72.07  1.69  10.14 -2.52  0  0  0  0 
11-Apr-2008  05:19:52 0.43  0.09  71.61  0.89  15.82 -4.54  0  0  0  0 
11-Apr-2008  05:19:57 0.94  0.21  74.30  1.41  11.10 -3.12  0  0  0  0 
11-Apr-2008  05:19:58 0.48  0.07  75.78  0.62  17.26 -6.04  0  0  0  0 
11-Apr-2008  05:20:01 0.57  0.07  70.69  1.13  16.72 -4.17  0  0  0  0 
11-Apr-2008  05:20:02 0.38  0.05  74.14  0.95  21.12 -6.43  0  0  0  0 
11-Apr-2008  05:20:03 0.68  0.17  69.27  1.41  10.90 -2.51  0  0  0  0 
