Floating wood at Chazey for flood on 20080407
Date Time Length(m) Diameter(m) Position(m) Angle(rad) Velocity(m/s) Rotation(rad/s) Roots(1/0) Branches(1/0) Grouped(1/0) PartSubmerged(1/0)
11-Apr-2008  11:35:13 0.88  0.16  73.27  1.31  7.62 -1.27  0  1  0  1 
11-Apr-2008  11:35:20 0.52  0.09  71.55  0.83  9.75 -1.55  0  0  0  0 
11-Apr-2008  11:35:22 0.41  0.04  76.19  1.45  10.52 -2.58  0  0  0  1 
11-Apr-2008  11:35:35 1.49  0.20  59.43  1.41  10.42 -1.30  0  0  0  1 
11-Apr-2008  11:35:36 0.51  0.12  68.40  2.23  9.09 -1.27  0  0  0  0 
11-Apr-2008  11:35:39 1.73  0.09  72.22  0.64  15.89 -3.37  1  1  1  0 
11-Apr-2008  11:35:39 1.25  0.05  71.80  0.49  12.59 -2.49  1  0  1  0 
11-Apr-2008  11:35:39 1.15  0.07  72.63  1.08  15.58 -3.43  1  0  1  1 
11-Apr-2008  11:35:44 1.02  0.06  74.88  0.67  7.71 -1.55  0  0  0  1 
11-Apr-2008  11:35:47 1.34  0.10  76.03  0.60  10.45 -2.51  0  1  0  0 
11-Apr-2008  11:35:48 0.55  0.13  72.62  1.39  13.72 -2.57  0  0  1  1 
11-Apr-2008  11:35:49 1.21  0.07  72.84  0.86  13.05 -2.53  0  0  0  0 
11-Apr-2008  11:35:54 1.85  0.20  69.60  0.68  12.34 -2.09  1  1  1  0 
11-Apr-2008  11:35:56 0.36  0.09  70.13  1.67  13.11 -2.51  0  0  0  0 
11-Apr-2008  11:36:01 0.54  0.06  78.23  1.32  8.94 -2.48  0  0  0  0 
11-Apr-2008  11:36:04 0.43  0.07  71.75  2.28  9.06 -1.46  0  0  0  0 
11-Apr-2008  11:36:05 1.01  0.08  72.36  0.71  8.89 -1.46  0  0  0  0 
11-Apr-2008  11:36:08 0.32  0.09  70.79  1.14  12.51 -2.24  0  0  0  0 
11-Apr-2008  11:36:09 0.44  0.07  72.30  1.24  8.82 -1.59  0  0  0  0 
11-Apr-2008  11:36:12 0.77  0.06  74.04  1.38  11.86 -2.63  0  0  0  1 
11-Apr-2008  11:36:15 0.56  0.14  72.60  1.87  10.87 -2.19  0  1  0  1 
11-Apr-2008  11:36:23 0.54  0.07  75.96  1.84  36.00 -9.81  0  0  0  0 
11-Apr-2008  11:36:41 0.37  0.24  70.42  1.63  15.43 -2.98  0  0  1  1 
11-Apr-2008  11:36:41 0.46  0.08  71.91  1.24  14.52 -2.75  0  1  1  1 
11-Apr-2008  11:36:44 0.77  0.24  66.47  1.46  12.61 -2.01  0  0  0  1 
11-Apr-2008  11:36:48 4.19  0.33  69.11  1.42  10.24 -1.56  0  1  0  1 
11-Apr-2008  11:37:00 0.74  0.09  69.58  1.10  9.41 -1.53  0  0  0  0 
11-Apr-2008  11:37:36 4.67  0.27  71.85  1.59  10.86 -2.02  1  1  0  1 
11-Apr-2008  11:37:45 0.80  0.06  74.05  1.15  12.60 -2.79  0  1  1  1 
11-Apr-2008  11:37:44 0.89  0.08  70.53  1.32  8.56 -1.24  0  1  0  0 
11-Apr-2008  11:37:46 0.65  0.10  73.51  2.45  12.48 -2.56  0  0  0  0 
11-Apr-2008  11:37:46 0.49  0.07  70.86  1.54  8.21 -1.47  0  0  0  0 
11-Apr-2008  11:37:47 2.79  0.08  71.00  0.96  11.36 -2.13  0  0  0  1 
11-Apr-2008  11:37:51 0.38  0.07  74.12  0.95  9.87 -2.06  0  0  0  0 
11-Apr-2008  11:38:02 0.77  0.14  71.62  1.40  9.46 -1.50  0  0  0  0 
11-Apr-2008  11:38:02 0.43  0.02  79.47  1.25  7.07 -2.11  0  0  0  0 
11-Apr-2008  11:38:04 0.32  0.22  67.42  1.45  10.14 -1.71  0  1  0  1 
11-Apr-2008  11:38:18 3.73  0.12  71.77  0.53  8.04 -1.28  0  0  0  0 
11-Apr-2008  11:38:18 3.15  0.27  62.84  0.37  14.32 -2.05  0  1  1  1 
11-Apr-2008  11:38:21 0.61  0.22  68.73  2.07  7.36 -0.97  0  1  0  1 
11-Apr-2008  11:38:35 0.53  0.06  75.54  0.48  13.51 -3.30  0  0  0  1 
11-Apr-2008  11:38:42 1.53  0.15  69.93  0.27  18.11 -3.74  0  1  0  1 
11-Apr-2008  11:38:46 0.47  0.15  71.37  1.72  8.51 -1.36  0  0  0  0 
11-Apr-2008  11:39:02 0.73  0.09  69.87  1.42  8.63 -1.20  0  0  0  0 
11-Apr-2008  11:39:02 0.95  0.05  70.15 -3.09  9.26  2.82  0  0  0  0 
11-Apr-2008  11:39:05 0.29  0.14  72.31  1.79  7.56 -1.20  0  0  0  0 
11-Apr-2008  11:39:11 0.49  0.06  74.24  1.74  16.33 -3.77  0  0  0  0 
11-Apr-2008  11:39:12 0.50  0.06  75.34  1.89  15.15 -3.66  0  1  0  0 
11-Apr-2008  11:39:13 0.82  0.08  70.94  1.03  8.41 -1.30  0  0  0  0 
11-Apr-2008  11:39:21 1.67  0.12  72.64  2.19  10.97 -2.09  0  0  1  1 
11-Apr-2008  11:39:21 1.13  0.10  72.56  2.08  8.71 -1.52  0  0  1  0 
11-Apr-2008  11:39:22 0.54  0.09  71.40  0.99  13.82 -2.61  0  1  1  0 
11-Apr-2008  11:39:23 0.80  0.07  73.47  1.05  42.55 -10.38  0  0  0  1 
11-Apr-2008  11:39:28 1.57  0.08  71.91  1.00  8.12 -1.30  0  1  0  1 
11-Apr-2008  11:39:29 1.35  0.21  67.86  1.82  10.61 -1.53  0  1  0  1 
11-Apr-2008  11:39:30 3.38  0.23  68.81  2.08  12.54 -2.01  0  0  1  1 
11-Apr-2008  11:39:30 7.49  0.65  69.87 -1.62  9.32  2.95  1  1  1  1 
11-Apr-2008  11:39:31 4.57  0.24  69.62  0.72  15.41 -2.73  1  0  1  1 
11-Apr-2008  11:39:34 1.14  0.16  71.37  1.00  11.32 -2.00  0  0  1  0 
11-Apr-2008  11:39:34 1.13  0.12  71.27  0.75  9.07 -1.47  0  0  1  0 
11-Apr-2008  11:39:35 1.02  0.13  71.44  1.20  8.19 -1.34  0  0  0  0 
11-Apr-2008  11:39:37 0.61  0.11  66.41  1.64  9.13 -1.12  0  0  0  0 
11-Apr-2008  11:39:39 0.51  0.12  70.67  2.37  13.98 -2.67  0  0  0  0 
11-Apr-2008  11:39:42 1.28  0.12  71.01  2.86  8.95 -1.49  0  1  0  1 
11-Apr-2008  11:39:51 1.50  0.12  74.67  1.86  11.93 -2.64  0  1  0  1 
11-Apr-2008  11:39:52 0.61  0.04  76.08  2.29  13.62 -3.55  0  0  0  1 
11-Apr-2008  11:39:53 0.61  0.07  74.92  0.90  11.88 -2.70  0  0  0  0 
11-Apr-2008  11:39:53 0.45  0.09  75.78  1.15  10.90 -2.68  0  0  0  0 
11-Apr-2008  11:39:55 0.68  0.08  71.87  1.07  14.03 -2.65  0  0  0  0 
11-Apr-2008  11:39:57 0.49  0.10  71.38  0.75  12.47 -2.07  0  0  0  0 
11-Apr-2008  11:39:58 1.48  0.09  69.94  1.93  9.01 -1.35  0  0  0  0 
11-Apr-2008  11:40:10 3.79  0.18  67.75  2.37  8.46 -1.15  0  0  0  0 
11-Apr-2008  11:40:18 1.85  0.20  69.25  2.59  13.87 -2.57  0  1  0  1 
11-Apr-2008  11:40:18 2.49  0.26  68.82  2.57  18.96 -3.57  0  1  1  1 
11-Apr-2008  11:40:22 0.68  0.05  69.97  0.34  8.56 -1.52  0  0  0  0 
11-Apr-2008  11:40:22 0.49  0.11  72.57  0.57  16.32 -3.49  1  0  0  0 
11-Apr-2008  11:40:29 1.57  0.15  71.43  1.12  9.17 -1.54  0  1  0  1 
11-Apr-2008  11:40:35 1.43  0.22  72.15  2.14  16.39 -3.69  0  1  0  1 
11-Apr-2008  11:40:36 1.74  0.21  68.60  1.56  18.38 -3.49  1  1  0  1 
11-Apr-2008  11:40:38 0.50  0.09  78.60  2.48  5.71 -1.45  0  0  0  0 
11-Apr-2008  11:40:41 0.50  0.07  72.48  0.51  8.33 -1.32  0  1  0  0 
11-Apr-2008  11:40:44 0.86  0.07  73.66  1.02  12.98 -2.65  0  0  0  1 
11-Apr-2008  11:40:45 2.29  0.14  73.60  2.19  8.12 -1.51  0  1  0  1 
11-Apr-2008  11:40:47 0.86  0.08  73.03  2.77  36.19 -8.59  0  0  0  0 
11-Apr-2008  11:40:54 1.34  0.12  70.34  2.57  40.25 -8.48  0  0  0  0 
11-Apr-2008  11:40:55 1.08  0.19  67.73  2.98  9.01 -1.25  0  0  0  0 
11-Apr-2008  11:40:55 0.93  0.10  71.06  1.99  16.99 -3.69  0  0  0  1 
11-Apr-2008  11:40:56 0.57  0.15  70.72  1.67  9.69 -1.62  0  0  0  0 
11-Apr-2008  11:40:58 1.50  0.34  66.00  1.39  9.46 -1.23  0  1  0  0 
11-Apr-2008  11:41:03 1.40  0.22  67.46  0.34  14.05 -2.43  0  1  0  1 
11-Apr-2008  11:41:17 1.03  0.10  72.28  0.40  18.04 -3.89  0  0  0  1 
11-Apr-2008  11:41:30 0.56  0.06  79.01  0.48  5.73 -1.42  0  0  0  0 
11-Apr-2008  11:41:34 0.34  0.09  69.76  1.16  10.09 -1.49  0  0  0  0 
11-Apr-2008  11:41:37 1.28  0.09  70.18  0.84  7.20 -0.93  0  0  0  0 
11-Apr-2008  11:41:43 0.81  0.12  68.48  2.58  11.15 -1.85  0  0  0  0 
11-Apr-2008  11:41:43 0.40  0.00  72.55  1.39  8.03 -1.39  0  0  0  0 
11-Apr-2008  11:41:46 0.51  0.09  70.23  1.87  8.63 -1.28  0  0  0  0 
11-Apr-2008  11:41:47 0.46  0.09  70.64  2.01  13.75 -2.76  0  0  0  0 
11-Apr-2008  11:41:47 1.19  0.06  74.51  1.90  7.21 -1.31  0  1  0  0 
11-Apr-2008  11:41:48 1.65  0.14  71.48  0.93  6.77 -0.94  0  0  0  1 
11-Apr-2008  11:41:49 1.16  0.10  70.57  0.73  7.32 -1.10  0  0  0  0 
11-Apr-2008  11:42:00 0.54  0.08  72.42  2.42  9.27 -1.56  0  0  0  1 
11-Apr-2008  11:42:00 0.76  0.16  69.51  0.99  6.53 -0.77  0  0  0  1 
11-Apr-2008  11:42:04 4.92  0.12  71.09 -3.02  7.65  2.16  0  0  0  0 
11-Apr-2008  11:42:09 0.95  0.17  69.61  2.17  8.65 -1.28  0  0  1  0 
11-Apr-2008  11:42:09 0.63  0.05  69.31  0.86  8.77 -1.32  0  0  1  0 
11-Apr-2008  11:42:10 0.38  0.08  70.80  1.00  8.46 -1.28  0  0  0  0 
11-Apr-2008  11:42:20 1.11  0.13  68.57  0.57  9.01 -1.28  0  0  1  0 
11-Apr-2008  11:42:19 0.54  0.13  68.98  2.09  6.84 -0.86  0  1  1  0 
11-Apr-2008  11:42:20 1.40  0.12  68.46  0.93  9.77 -1.43  0  1  1  0 
11-Apr-2008  11:42:21 1.85  0.14  71.43  0.50  12.12 -2.54  0  0  1  0 
11-Apr-2008  11:42:20 1.55  0.17  69.49  2.48  8.78 -1.28  0  0  1  0 
11-Apr-2008  11:42:21 1.03  0.14  72.05  2.34  10.83 -1.94  0  0  0  0 
11-Apr-2008  11:42:23 1.42  0.12  70.60  2.18  8.26 -1.22  0  0  0  0 
11-Apr-2008  11:42:26 3.70  0.17  67.40  2.18  13.89 -2.40  0  1  1  0 
11-Apr-2008  11:42:27 2.10  0.09  70.34 -0.18  45.68 -9.76  0  1  1  0 
11-Apr-2008  11:42:28 5.64  1.37  71.19  1.43  7.54 -1.23  0  1  1  0 
11-Apr-2008  11:42:30 3.95  0.30  70.58  1.35  8.32 -1.25  1  1  0  1 
11-Apr-2008  11:42:30 1.20  0.17  70.44  1.41  8.77 -1.44  0  1  1  0 
11-Apr-2008  11:42:34 1.79  0.10  69.38  1.15  14.10 -2.50  0  0  0  0 
11-Apr-2008  11:42:36 1.27  0.12  72.50  1.62  10.97 -2.00  1  0  0  0 
11-Apr-2008  11:42:41 1.51  0.20  65.80  2.99  7.28 -0.88  0  1  0  1 
11-Apr-2008  11:42:51 1.06  0.07  72.91  1.32  38.47 -8.72  0  0  0  1 
11-Apr-2008  11:42:54 0.58  0.08  70.48  1.28  13.20 -2.48  0  0  0  0 
11-Apr-2008  11:42:55 0.76  0.09  70.13  1.09  8.36 -1.29  0  1  0  0 
11-Apr-2008  11:43:05 2.13  0.15  72.43  0.81  10.74 -1.97  0  1  0  1 
11-Apr-2008  11:43:06 1.11  0.06  73.28  1.12  9.06 -1.54  0  0  0  0 
11-Apr-2008  11:43:07 0.67  0.06  73.56  1.78  7.39 -1.33  0  0  0  0 
11-Apr-2008  11:43:07 0.71  0.12  74.01  2.81  8.27 -1.47  0  0  0  1 
11-Apr-2008  11:43:11 0.71  0.09  69.95  1.80  9.74 -1.52  0  0  0  1 
11-Apr-2008  11:43:18 0.72  0.06  74.43  2.09  11.84 -2.49  0  0  0  1 
11-Apr-2008  11:43:27 8.21  0.55  38.75  1.48  5.65 -0.45  1  1  0  1 
11-Apr-2008  11:43:31 1.32  0.04  73.82  0.28  12.30 -2.58  0  1  0  1 
11-Apr-2008  11:43:45 0.75  0.18  69.15  1.31  9.15 -1.25  0  1  0  0 
11-Apr-2008  11:43:46 0.80  0.06  74.32  0.71  9.98 -2.08  0  0  0  0 
11-Apr-2008  11:43:52 0.78  0.08  73.39  0.06  11.10 -2.63  0  1  0  0 
11-Apr-2008  11:43:58 1.50  0.06  66.49  0.15  15.33 -2.51  0  0  0  0 
11-Apr-2008  11:44:07 0.39  0.05  74.80  1.09  11.70 -2.60  0  0  0  0 
11-Apr-2008  11:44:04 0.17  0.03  81.49  1.88  6.99 -2.87  0  1  0  1 
11-Apr-2008  11:44:20 0.65  0.06  73.41  1.11  9.77 -1.94  0  0  0  0 
11-Apr-2008  11:44:27 0.80  0.05  76.08  0.33  9.07 -2.08  0  0  0  0 
11-Apr-2008  11:44:29 0.44  0.05  71.54  2.74  8.69 -1.29  0  0  0  0 
11-Apr-2008  11:44:31 0.48  0.07  71.85  1.25  13.93 -2.50  0  0  0  0 
11-Apr-2008  11:44:36 1.10  0.07  71.85  1.33  13.52 -2.44  0  1  0  1 
11-Apr-2008  11:44:37 1.30  0.10  71.44  2.91  14.00 -2.70  0  1  0  0 
11-Apr-2008  11:44:42 1.33  0.17  74.98  1.16  11.87 -2.75  0  1  0  1 
11-Apr-2008  11:44:44 0.65  0.05  76.55  0.94  10.32 -2.49  0  0  0  0 
11-Apr-2008  11:44:44 0.54  0.05  75.24  1.36  11.78 -2.53  0  0  0  1 
11-Apr-2008  11:44:48 0.67  0.06  75.31  0.99  10.87 -2.54  0  0  0  0 
11-Apr-2008  11:44:50 0.88  0.07  71.91  2.97  11.99 -2.09  0  1  0  1 
11-Apr-2008  11:44:52 1.11  0.07  72.91  1.73  13.27 -2.50  0  0  0  1 
11-Apr-2008  11:44:54 0.45  0.08  74.53  0.71  11.65 -2.46  0  0  0  1 
11-Apr-2008  11:44:54 0.87  0.08  71.28  0.83  6.90 -0.91  0  0  0  0 
11-Apr-2008  11:44:55 1.38  0.11  68.04  1.86  8.98 -1.28  0  0  0  0 
11-Apr-2008  11:45:02 0.81  0.07  73.13  1.22  14.33 -3.49  0  0  0  1 
11-Apr-2008  11:45:13 0.53  0.16  74.03  1.47  7.24 -1.24  0  0  0  0 
11-Apr-2008  11:45:19 1.62  0.14  71.76  1.40  7.97 -1.26  0  0  0  0 
11-Apr-2008  11:45:26 0.41  0.08  73.69  0.45  10.07 -2.53  0  0  0  0 
11-Apr-2008  11:45:28 0.64  0.09  73.14  2.57  12.94 -2.65  0  0  0  0 
11-Apr-2008  11:45:29 0.17  0.12  74.52  1.37  13.35 -3.33  0  0  0  0 
11-Apr-2008  11:45:34 1.37  0.05  74.60  1.02  11.46 -2.44  0  1  0  0 
11-Apr-2008  11:45:36 0.28  0.06  77.13  2.03  10.02 -2.51  0  0  0  0 
11-Apr-2008  11:45:49 1.04  0.09  75.08  1.27  9.65 -1.93  0  0  0  0 
11-Apr-2008  11:45:59 0.32  0.06  73.77  1.37  11.86 -2.41  0  0  0  0 
11-Apr-2008  11:46:02 0.69  0.05  74.06  0.45  12.14 -2.43  0  0  0  1 
11-Apr-2008  11:46:22 0.25  0.05  80.15  2.19  3.93 -1.25  0  0  0  0 
11-Apr-2008  11:46:26 0.71  0.12  72.85  1.30  10.49 -2.01  0  1  0  1 
11-Apr-2008  11:46:27 0.81  0.07  73.14  1.15  8.35 -1.47  0  1  0  1 
11-Apr-2008  11:46:30 0.59  0.06  77.08  0.58  8.14 -1.97  0  0  0  0 
11-Apr-2008  11:46:31 2.23  0.11  72.59  0.46  18.03 -3.74  0  1  1  1 
11-Apr-2008  11:46:38 0.47  0.06  74.80  1.02  11.58 -2.78  0  0  0  0 
11-Apr-2008  11:46:38 0.34  0.02  79.74  1.09  4.65 -1.46  0  0  0  0 
11-Apr-2008  11:46:52 1.11  0.08  71.03  1.87  6.95 -0.94  0  0  0  0 
11-Apr-2008  11:46:56 0.89  0.08  72.95  0.83  12.60 -2.76  0  0  0  1 
11-Apr-2008  11:46:59 2.02  0.14  71.85 -0.20  8.55 -1.27  0  0  0  0 
11-Apr-2008  11:47:11 0.51  0.08  72.92  1.39  15.31 -3.67  0  0  0  0 
11-Apr-2008  11:47:23 0.25  0.01  80.79  0.29  7.39 -2.72  0  0  0  0 
11-Apr-2008  11:47:29 0.56  0.14  71.91  1.64  8.70 -1.42  0  0  0  1 
11-Apr-2008  11:47:34 0.40  0.02  74.59  3.06  14.42 -3.35  0  0  0  0 
11-Apr-2008  11:47:39 1.26  0.16  71.06  1.41  12.26 -2.38  0  1  1  0 
11-Apr-2008  11:47:40 2.50  0.16  71.43  2.59  11.68 -2.53  0  0  0  0 
11-Apr-2008  11:47:40 2.96  0.25  70.20  1.58  9.50 -1.45  1  1  1  1 
11-Apr-2008  11:47:41 3.47  0.16  71.44 -2.09  14.42  5.25  1  1  1  1 
11-Apr-2008  11:47:43 0.92  0.10  71.34  0.67  9.05 -1.48  0  0  0  0 
11-Apr-2008  11:47:47 1.52  0.17  69.77  1.62  8.75 -1.34  0  0  0  0 
11-Apr-2008  11:47:48 0.85  0.09  73.85  0.64  7.84 -1.54  0  0  0  0 
11-Apr-2008  11:47:52 0.85  0.03  71.34  1.10  49.31 -10.74  0  0  0  1 
11-Apr-2008  11:48:03 0.58  0.11  71.17  2.42  11.87 -2.17  0  0  0  0 
11-Apr-2008  11:48:04 1.75  0.08  68.10  2.58  8.78 -1.22  0  0  0  1 
11-Apr-2008  11:48:07 0.50  0.06  72.73  1.50  8.81 -1.51  0  0  0  1 
11-Apr-2008  11:48:11 0.56  0.12  72.86  1.80  8.40 -1.48  0  0  0  0 
11-Apr-2008  11:48:19 1.07  0.10  73.67  0.47  43.97 -10.50  0  0  0  0 
11-Apr-2008  11:48:44 0.71  0.14  73.04  0.85  10.47 -1.97  0  0  0  0 
11-Apr-2008  11:48:47 1.39  0.09  71.97  2.03  46.92 -10.16  0  1  0  1 
11-Apr-2008  11:49:03 1.21  0.08  70.72  2.44  12.51 -2.58  0  1  1  1 
11-Apr-2008  11:49:11 1.22  0.07  73.89  1.22  15.18 -3.59  0  0  0  1 
11-Apr-2008  11:49:15 1.12  0.10  70.10  0.81  8.97 -1.34  0  0  0  0 
11-Apr-2008  11:49:21 0.93  0.02  68.69  1.05  11.39 -2.12  0  1  0  0 
11-Apr-2008  11:49:24 2.01  0.13  72.03  1.17  11.00 -2.07  0  1  0  0 
11-Apr-2008  11:49:29 1.05  0.03  71.78 -0.08  12.77 -2.69  0  1  0  1 
11-Apr-2008  11:49:30 0.33  0.08  69.77  1.65  8.54 -1.33  0  0  0  0 
11-Apr-2008  11:49:33 0.59  0.10  67.36  1.62  8.57 -1.18  0  0  0  0 
11-Apr-2008  11:49:36 2.31  0.13  71.92  2.05  12.89 -2.43  0  1  0  1 
11-Apr-2008  11:49:41 1.42  0.12  74.81  1.29  10.80 -2.57  0  1  1  1 
11-Apr-2008  11:49:47 1.46  0.05  71.97  0.27  9.46 -1.49  0  0  0  1 
11-Apr-2008  11:49:50 0.43  0.14  72.31  1.72  11.20 -1.92  0  0  0  0 
11-Apr-2008  11:49:51 0.52  0.12  72.90  1.60  8.23 -1.28  0  0  0  1 
11-Apr-2008  11:49:57 0.58  0.12  68.91  0.96  8.46 -1.14  0  0  0  0 
11-Apr-2008  11:49:59 1.03  0.19  59.35  1.73  10.16 -1.14  0  0  0  0 
