Floating wood at Chazey for flood on 20080407
Date Time Length(m) Diameter(m) Position(m) Angle(rad) Velocity(m/s) Rotation(rad/s) Roots(1/0) Branches(1/0) Grouped(1/0) PartSubmerged(1/0)
11-Apr-2008  17:05:32 0.86  0.03  79.66  2.66  4.09 -0.83  0  0  0  0 
11-Apr-2008  17:05:33 0.40  0.10  74.65  0.39  12.30 -2.14  0  0  0  0 
11-Apr-2008  17:05:34 0.87  0.14  72.34  1.48  10.74 -1.43  0  0  0  1 
11-Apr-2008  17:05:46 0.60  0.08  73.41  0.93  16.13 -2.42  0  0  0  0 
11-Apr-2008  17:05:48 6.36  0.26  72.01  1.73  31.19 -4.90  0  1  1  1 
11-Apr-2008  17:05:47 1.29  0.11  70.71  1.99  10.44 -1.22  0  1  1  1 
11-Apr-2008  17:05:48 0.49  0.18  74.73  2.33  8.21 -1.19  0  0  1  1 
11-Apr-2008  17:05:48 0.30  0.10  75.74  2.49  8.67 -1.51  0  0  1  1 
11-Apr-2008  17:05:48 0.80  0.10  70.68  1.09  15.25 -1.90  0  0  1  1 
11-Apr-2008  17:05:49 1.22  0.10  69.95  1.66  10.10 -1.08  0  0  0  1 
11-Apr-2008  17:05:59 0.27  0.04  79.36  1.57  13.75 -3.18  0  0  0  0 
11-Apr-2008  17:05:59 0.55  0.07  72.30  1.28  8.71 -1.15  0  0  0  0 
11-Apr-2008  17:06:11 0.46  0.08  72.74  1.89  14.32 -1.98  0  0  0  0 
11-Apr-2008  17:06:15 0.65  0.11  69.88  2.03  12.26 -1.42  0  0  0  0 
11-Apr-2008  17:06:18 0.52  0.07  72.66  1.28  7.55 -1.03  0  0  0  0 
11-Apr-2008  17:06:25 0.40  0.14  70.42  2.39  18.99 -2.70  0  0  0  0 
11-Apr-2008  17:06:28 5.29  0.69  51.49  1.54  25.16 -2.03  1  0  0  1 
11-Apr-2008  17:06:37 0.38  0.03  81.44  1.20  6.09 -1.81  0  0  0  0 
11-Apr-2008  17:06:44 0.43  0.13  72.93  1.55  9.92 -1.26  0  0  0  1 
11-Apr-2008  17:06:44 0.13  0.06  81.22  2.86  12.11 -3.38  0  0  0  0 
11-Apr-2008  17:06:44 0.31  0.05  74.11  1.38  10.20 -1.45  0  0  0  1 
11-Apr-2008  17:06:44 0.39  0.06  74.11  1.66  16.24 -2.48  0  0  0  1 
11-Apr-2008  17:06:45 0.98  0.13  72.69  0.32  33.47 -5.28  0  0  0  1 
11-Apr-2008  17:06:45 0.14  0.03  81.48  1.29  7.21 -2.07  0  0  0  0 
11-Apr-2008  17:06:51 0.51  0.20  69.62  1.83  19.44 -2.37  0  0  0  1 
11-Apr-2008  17:06:50 0.50  0.06  73.39  1.27  9.58 -1.40  0  0  0  1 
11-Apr-2008  17:06:55 1.79  0.23  67.52  1.28  10.27 -1.05  0  1  0  1 
11-Apr-2008  17:06:55 2.01  0.09  63.73  2.94  18.36 -1.96  0  1  0  0 
11-Apr-2008  17:06:57 2.60  0.07  72.76  1.22  10.14 -1.39  0  1  0  1 
11-Apr-2008  17:06:57 1.36  0.09  70.82  2.82  11.15 -1.38  0  0  1  1 
11-Apr-2008  17:06:59 0.83  0.04  72.05  1.95  56.91 -9.01  0  0  0  0 
11-Apr-2008  17:07:01 1.42  0.02  81.83  1.43  5.20 -1.43  0  0  0  1 
11-Apr-2008  17:07:03 0.36  0.06  75.41  1.09  11.65 -2.00  0  0  0  0 
11-Apr-2008  17:07:04 0.41  0.03  78.82  1.52  11.97 -2.44  0  0  0  0 
11-Apr-2008  17:07:04 0.93  0.06  74.03  1.45  16.21 -2.50  0  0  0  1 
11-Apr-2008  17:07:04 0.50  0.06  75.60  1.05  14.09 -2.48  0  0  0  1 
11-Apr-2008  17:07:06 1.55  0.07  75.43  1.98  13.90 -2.46  0  0  0  1 
11-Apr-2008  17:07:06 1.74  0.12  73.87  1.85  10.12 -1.44  0  1  0  0 
11-Apr-2008  17:07:08 1.26  0.06  75.67  1.15  17.34 -3.25  0  0  0  0 
11-Apr-2008  17:07:13 1.21  0.07  73.36  1.34  15.71 -2.47  0  0  0  0 
11-Apr-2008  17:07:16 1.61  0.12  71.26  2.72  14.45 -1.95  0  0  0  1 
11-Apr-2008  17:07:18 0.97  0.18  71.22  2.36  17.57 -2.50  0  1  0  0 
11-Apr-2008  17:07:18 0.44  0.10  69.54  1.23  24.33 -3.12  0  0  0  0 
11-Apr-2008  17:07:23 1.19  0.12  74.21  1.68  15.69 -2.51  0  0  1  1 
11-Apr-2008  17:07:23 1.36  0.12  73.94  1.34  13.50 -2.05  0  0  1  1 
11-Apr-2008  17:07:25 1.12  0.10  72.98  0.42  16.83 -2.48  0  1  0  0 
11-Apr-2008  17:07:27 0.94  0.05  71.52  0.61  21.18 -3.04  0  1  0  1 
11-Apr-2008  17:07:29 1.29  0.05  67.55  0.44  11.90 -1.23  0  0  0  0 
11-Apr-2008  17:07:30 0.88  0.16  72.41  2.14  9.51 -1.24  0  0  0  0 
11-Apr-2008  17:07:33 0.39  0.08  72.75  1.97  16.58 -2.36  0  0  0  0 
11-Apr-2008  17:07:33 0.54  0.11  70.85  2.08  14.93 -1.96  0  0  0  1 
11-Apr-2008  17:07:40 0.32  0.03  81.42  3.01  18.54 -5.20  0  0  0  0 
11-Apr-2008  17:07:44 0.89  0.07  71.11  3.04  23.31 -3.26  0  0  0  0 
11-Apr-2008  17:07:54 1.05  0.09  70.47  1.19  15.38 -2.08  0  0  1  0 
11-Apr-2008  17:07:59 0.49  0.07  74.29  1.96  11.18 -1.65  0  0  0  0 
11-Apr-2008  17:08:05 0.61  0.04  75.31  0.56  19.25 -3.24  0  0  0  0 
11-Apr-2008  17:08:07 0.45  0.09  72.42  0.74  14.45 -1.91  0  0  0  0 
11-Apr-2008  17:08:08 0.63  0.09  71.47  1.15  18.44 -2.50  0  0  0  0 
11-Apr-2008  17:08:11 1.14  0.24  68.90  2.19  17.12 -2.08  0  1  0  1 
11-Apr-2008  17:08:15 0.68  0.09  70.71  1.30  18.41 -2.63  0  0  0  1 
11-Apr-2008  17:08:15 0.39  0.09  70.84  1.43  17.29 -2.60  0  0  0  1 
11-Apr-2008  17:08:18 0.37  0.07  72.51  1.02  14.40 -2.03  0  0  0  1 
11-Apr-2008  17:08:19 0.22  0.05  78.23  2.61  11.31 -2.35  0  0  0  0 
11-Apr-2008  17:08:22 1.58  0.10  69.97  0.87  19.16 -2.49  0  1  0  1 
11-Apr-2008  17:08:26 1.08  0.08  73.16  0.37  16.79 -2.46  0  0  0  0 
11-Apr-2008  17:08:26 0.31  0.02  80.25  1.23  8.92 -2.09  0  0  0  0 
11-Apr-2008  17:08:28 0.70  0.15  74.93  2.33  15.02 -2.50  0  0  0  1 
11-Apr-2008  17:08:28 0.49  0.02  73.75  0.46  30.82 -4.90  0  0  0  0 
11-Apr-2008  17:08:29 0.49  0.08  72.66  2.01  17.57 -2.53  0  0  0  0 
11-Apr-2008  17:08:34 0.56  0.22  72.16  2.03  10.72 -1.40  0  0  0  0 
11-Apr-2008  17:08:40 0.37  0.09  72.04  1.86  22.86 -3.43  0  0  0  0 
11-Apr-2008  17:08:41 0.33  0.00  71.59  1.41  11.89 -1.56  0  0  0  0 
11-Apr-2008  17:08:42 0.39  0.03  78.84  1.79  14.95 -3.41  0  0  0  0 
11-Apr-2008  17:08:47 0.82  0.08  73.26  0.27  16.91 -2.57  0  0  0  1 
11-Apr-2008  17:08:47 0.36  0.05  73.12  0.40  20.95 -2.96  0  1  0  1 
11-Apr-2008  17:08:53 0.48  0.14  72.72  1.40  17.39 -2.64  0  0  0  0 
11-Apr-2008  17:08:55 0.29  0.02  80.81  0.71  17.95 -4.84  0  0  0  0 
11-Apr-2008  17:08:57 0.63  0.09  72.05  0.44  17.82 -2.40  0  0  0  0 
11-Apr-2008  17:08:56 0.65  0.05  74.39  1.29  12.80 -1.99  0  0  0  1 
11-Apr-2008  17:08:57 0.32  0.05  74.67  1.22  9.64 -1.42  0  0  0  0 
11-Apr-2008  17:08:57 0.86  0.04  81.48  1.93  4.72 -1.11  0  0  0  0 
11-Apr-2008  17:09:15 1.53  0.06  79.02  0.94  8.27 -1.62  0  0  0  0 
11-Apr-2008  17:09:15 0.72  0.08  71.84  1.74  12.39 -1.55  0  0  0  1 
11-Apr-2008  17:09:19 0.51  0.09  72.22  0.53  17.34 -2.59  0  0  1  0 
11-Apr-2008  17:09:20 0.95  0.08  72.71  2.37  14.15 -1.99  0  0  0  0 
11-Apr-2008  17:09:21 0.68  0.06  75.61  0.94  25.89 -5.02  0  1  0  1 
11-Apr-2008  17:09:27 1.28  0.09  70.92  0.83  13.16 -1.71  0  0  0  1 
11-Apr-2008  17:09:34 0.62  0.16  72.20  0.44  16.86 -2.29  0  0  0  0 
11-Apr-2008  17:09:35 0.36  0.04  81.78  1.24  8.47 -2.45  0  0  0  0 
11-Apr-2008  17:09:36 0.33  0.02  81.27  1.06  17.72 -4.90  0  0  0  0 
11-Apr-2008  17:09:37 0.31  0.11  74.79  1.37  12.27 -2.03  0  0  0  1 
11-Apr-2008  17:09:40 0.73  0.08  72.61  1.87  16.45 -2.50  0  0  0  0 
11-Apr-2008  17:09:45 1.92  0.13  59.53  0.43  11.94 -1.03  0  0  0  0 
11-Apr-2008  17:09:45 1.90  0.22  59.53  0.42  13.32 -1.13  0  0  0  0 
11-Apr-2008  17:09:45 0.40  0.09  71.50  1.66  34.76 -5.42  0  0  0  0 
11-Apr-2008  17:09:52 0.62  0.10  70.93  2.65  15.34 -1.96  0  0  0  0 
11-Apr-2008  17:10:03 1.40  0.10  71.00  1.96  13.05 -1.73  0  1  0  1 
11-Apr-2008  17:10:03 0.73  0.11  71.66  2.84  12.36 -1.66  0  0  0  0 
11-Apr-2008  17:10:05 1.47  0.17  72.50  0.72  21.03 -3.24  0  1  0  1 
11-Apr-2008  17:10:06 1.11  0.16  70.76  0.98  10.62 -1.30  0  1  0  1 
11-Apr-2008  17:10:07 0.36  0.14  73.63  1.79  20.23 -3.45  0  1  0  0 
11-Apr-2008  17:10:06 0.52  0.09  69.95  1.27  15.56 -1.93  0  1  1  0 
11-Apr-2008  17:10:15 0.92  0.06  74.64  1.19  15.33 -2.42  0  0  0  0 
11-Apr-2008  17:10:16 0.46  0.09  70.08  1.43  18.50 -2.56  0  0  1  1 
11-Apr-2008  17:10:22 1.46  0.09  72.69  2.07  14.05 -2.01  0  1  0  0 
11-Apr-2008  17:10:28 0.54  0.17  70.48  1.58  10.00 -1.16  0  0  0  1 
11-Apr-2008  17:10:32 1.13  0.08  73.04  1.09  13.50 -2.01  0  0  0  0 
11-Apr-2008  17:10:34 0.83  0.07  73.61  2.08  10.25 -1.45  0  1  0  1 
11-Apr-2008  17:10:36 0.38  0.06  75.63  1.67  18.04 -3.16  0  0  1  0 
11-Apr-2008  17:10:36 0.58  0.05  79.93  0.87  7.17 -1.60  0  0  0  0 
11-Apr-2008  17:10:39 0.34  0.02  71.66  0.98  13.67 -1.98  0  0  0  1 
11-Apr-2008  17:10:45 0.63  0.08  70.72  1.79  12.77 -1.61  0  0  0  0 
11-Apr-2008  17:10:49 1.47  0.10  71.23  1.99  17.35 -2.43  0  0  0  1 
11-Apr-2008  17:11:02 4.82  0.23  71.24  1.67  8.21 -0.97  0  0  0  1 
11-Apr-2008  17:11:11 0.73  0.08  72.66  0.40  21.03 -3.29  0  1  0  1 
11-Apr-2008  17:11:11 0.33  0.16  71.17  1.18  18.23 -2.55  0  0  0  1 
11-Apr-2008  17:11:12 0.22  0.03  79.89  1.64  13.71 -3.36  0  0  0  0 
11-Apr-2008  17:11:16 1.29  0.09  71.88  2.62  17.23 -2.50  0  0  0  0 
11-Apr-2008  17:11:17 0.84  0.12  73.41  1.80  11.34 -1.63  0  0  0  0 
11-Apr-2008  17:11:21 0.59  0.08  74.01  2.75  19.92 -3.39  0  0  0  1 
11-Apr-2008  17:11:20 0.30  0.01  78.06 -3.02  16.90  7.91  0  0  0  0 
11-Apr-2008  17:11:21 0.51  0.08  71.60  1.85  10.72 -1.41  0  0  0  0 
11-Apr-2008  17:11:22 1.21  0.02  72.03  0.79  13.95 -2.01  0  0  0  1 
11-Apr-2008  17:11:24 1.27  0.14  73.75  0.85  20.09 -3.23  0  1  0  0 
11-Apr-2008  17:11:25 0.91  0.08  72.08  0.20  34.52 -5.36  0  0  0  0 
11-Apr-2008  17:11:26 0.48  0.04  81.10  1.62  5.31 -1.27  0  0  0  0 
11-Apr-2008  17:11:36 0.93  0.07  75.09  0.70  18.29 -3.25  0  0  0  1 
11-Apr-2008  17:11:38 0.80  0.07  72.06  1.41  21.69 -3.28  0  1  0  1 
11-Apr-2008  17:11:38 0.38  0.03  79.69  1.05  8.22 -2.08  0  1  0  1 
11-Apr-2008  17:11:44 1.33  0.07  72.53  1.04  12.40 -1.67  0  1  0  0 
11-Apr-2008  17:11:47 1.72  0.13  71.67  0.31  14.78 -2.07  0  1  0  1 
11-Apr-2008  17:11:48 1.63  0.07  73.30  0.21  21.76 -3.53  0  1  0  1 
11-Apr-2008  17:11:50 0.66  0.21  68.37  1.15  13.59 -1.72  0  0  0  0 
11-Apr-2008  17:11:52 0.72  0.08  74.86  2.30  19.03 -3.22  0  0  0  1 
11-Apr-2008  17:11:59 0.97  0.16  72.89  0.64  16.65 -2.39  0  0  0  1 
11-Apr-2008  17:12:00 0.41  0.07  73.88  1.23  20.27 -3.46  0  0  0  0 
11-Apr-2008  17:12:04 0.81  0.07  75.08  1.93  11.37 -1.93  0  0  0  0 
11-Apr-2008  17:12:08 0.37  0.03  81.37  0.85  9.07 -2.50  0  0  0  0 
11-Apr-2008  17:12:08 0.56  0.12  75.14  1.07  19.76 -3.63  0  0  1  1 
11-Apr-2008  17:12:11 1.20  0.02  73.32 -3.06  12.64  4.54  0  0  0  0 
11-Apr-2008  17:12:12 0.85  0.09  71.48  0.83  13.13 -1.60  0  1  0  1 
11-Apr-2008  17:12:15 1.05  0.09  73.18  0.58  10.77 -1.40  0  1  0  0 
11-Apr-2008  17:12:24 1.08  0.16  71.80  0.81  14.79 -1.98  0  0  1  0 
11-Apr-2008  17:12:25 0.99  0.08  72.53  0.74  16.65 -2.48  0  0  1  0 
11-Apr-2008  17:12:27 0.33  0.05  72.39  2.74  31.21 -4.73  0  0  0  0 
11-Apr-2008  17:12:28 0.84  0.09  72.90  1.68  21.06 -3.32  0  0  1  1 
11-Apr-2008  17:12:29 0.43  0.10  70.39  0.80  15.38 -1.91  0  0  0  0 
11-Apr-2008  17:12:33 1.36  0.22  67.05  1.39  17.14 -2.01  1  1  0  1 
11-Apr-2008  17:12:34 2.32  0.11  72.44  0.96  14.17 -2.04  1  1  0  1 
11-Apr-2008  17:12:37 0.46  0.06  76.92  0.38  17.30 -3.23  0  1  0  0 
11-Apr-2008  17:12:42 0.41  0.06  79.42  2.05  13.88 -3.17  0  0  0  1 
11-Apr-2008  17:12:43 0.71  0.08  73.71  0.90  20.28 -3.16  0  0  0  1 
11-Apr-2008  17:12:43 0.30  0.08  70.25  1.14  22.11 -3.03  0  0  0  0 
11-Apr-2008  17:12:44 0.83  0.09  71.66  2.90  21.57 -3.15  0  0  0  1 
11-Apr-2008  17:12:48 0.89  0.18  73.14  1.04  55.69 -9.23  0  0  0  1 
11-Apr-2008  17:12:49 0.79  0.11  71.84  0.60  22.77 -3.33  0  0  0  1 
11-Apr-2008  17:12:49 0.51  0.08  75.98  2.64  18.03 -3.30  0  0  0  0 
11-Apr-2008  17:12:50 0.62  0.07  72.86  1.63  21.48 -3.43  0  0  0  0 
11-Apr-2008  17:12:51 0.52  0.08  73.10  1.26  15.98 -2.59  0  0  0  0 
11-Apr-2008  17:12:59 0.71  0.06  73.88  1.48  20.50 -3.36  0  1  1  1 
11-Apr-2008  17:13:01 0.38  0.04  81.87  1.29  8.32 -2.46  0  0  0  0 
11-Apr-2008  17:13:05 1.02  0.12  75.02  1.26  25.86 -4.85  0  1  0  0 
11-Apr-2008  17:13:15 0.86  0.11  70.36  1.89  23.48 -3.20  0  0  0  0 
11-Apr-2008  17:13:18 0.79  0.08  74.42  0.89  19.41 -3.30  0  0  0  0 
11-Apr-2008  17:13:19 0.76  0.07  73.23  0.89  16.52 -2.45  0  0  0  0 
11-Apr-2008  17:13:20 0.34  0.12  75.24  1.72  26.62 -4.79  0  0  0  0 
11-Apr-2008  17:13:20 1.11  0.14  66.71  1.92  17.42 -2.03  0  0  0  0 
11-Apr-2008  17:13:29 1.44  0.21  69.34 -2.95  9.82  2.53  0  0  0  0 
11-Apr-2008  17:13:30 0.47  0.10  70.04  1.96  8.83 -0.98  0  0  0  1 
11-Apr-2008  17:13:30 0.81  0.04  76.10  1.93  26.72 -5.12  0  0  0  1 
11-Apr-2008  17:13:33 0.47  0.06  74.75  1.12  14.81 -2.43  0  0  0  1 
11-Apr-2008  17:13:34 0.40  0.06  73.36  1.54  11.41 -2.08  0  0  0  0 
11-Apr-2008  17:13:36 1.57  0.03  81.41  1.09  5.11 -1.59  0  1  0  0 
11-Apr-2008  17:13:36 0.96  0.08  74.39  0.37  19.48 -3.26  0  0  0  0 
11-Apr-2008  17:13:37 0.77  0.11  72.81  2.69  20.92 -3.15  0  0  0  0 
11-Apr-2008  17:13:49 0.40  0.05  78.56  2.16  15.58 -3.51  0  0  0  0 
11-Apr-2008  17:13:53 0.68  0.18  72.26  0.69  17.49 -2.59  0  0  0  0 
11-Apr-2008  17:13:53 0.76  0.10  73.67  0.39  29.10 -4.73  0  0  0  0 
11-Apr-2008  17:13:53 1.41  0.08  73.02  0.83  17.40 -2.41  0  0  0  1 
11-Apr-2008  17:13:54 1.45  0.12  69.18  0.47  19.13 -2.45  0  0  0  0 
11-Apr-2008  17:13:57 0.43  0.04  79.51  2.29  6.14 -1.30  0  0  0  0 
11-Apr-2008  17:13:58 1.10  0.11  70.31  1.92  24.11 -3.51  0  0  0  1 
11-Apr-2008  17:13:59 0.63  0.09  71.63  0.92  14.96 -2.02  0  0  0  0 
11-Apr-2008  17:14:05 0.63  0.07  74.85  1.50  26.46 -4.81  0  0  0  1 
11-Apr-2008  17:14:07 0.52  0.07  73.74  1.27  19.38 -3.12  0  0  0  1 
11-Apr-2008  17:14:10 2.45  0.13  72.39  1.32  9.92 -1.23  1  0  0  0 
11-Apr-2008  17:14:16 0.50  0.04  70.72  0.75  14.35 -1.99  0  0  0  0 
11-Apr-2008  17:14:21 0.30  0.02  81.66  1.62  10.90 -3.16  0  0  0  0 
11-Apr-2008  17:14:21 1.76  0.15  64.62  1.74  21.18 -2.38  1  0  0  1 
11-Apr-2008  17:14:23 0.46  0.03  72.93  0.34  30.11 -4.81  0  0  0  0 
11-Apr-2008  17:14:27 0.76  0.13  72.48  1.49  12.68 -1.74  0  0  0  0 
11-Apr-2008  17:14:46 0.56  0.09  74.49  2.43  14.53 -2.32  0  0  0  1 
11-Apr-2008  17:14:48 0.33  0.11  75.82  1.70  16.94 -3.07  0  0  1  1 
11-Apr-2008  17:14:49 0.89  0.06  73.23  1.45  12.90 -1.97  0  0  0  0 
11-Apr-2008  17:14:56 0.52  0.07  74.69  1.01  27.24 -4.65  0  0  0  0 
11-Apr-2008  17:15:11 0.87  0.13  70.13  2.06  22.90 -3.31  0  0  0  0 
11-Apr-2008  17:15:18 0.87  0.08  73.12  1.81  13.62 -1.96  0  1  0  1 
11-Apr-2008  17:15:18 0.43  0.08  74.27  1.89  27.62 -4.78  0  0  0  1 
11-Apr-2008  17:15:20 0.27  0.05  80.39  0.97  9.93 -2.44  0  0  0  0 
11-Apr-2008  17:15:27 0.95  0.10  75.06  2.75  14.25 -2.41  0  0  0  1 
11-Apr-2008  17:15:32 0.89  0.07  73.76  0.20  29.20 -4.78  0  1  0  1 
11-Apr-2008  17:15:38 0.49  0.05  76.95  2.11  24.42 -4.78  0  0  0  1 
11-Apr-2008  17:15:47 0.60  0.06  74.72  1.07  19.66 -3.46  0  0  0  1 
11-Apr-2008  17:15:59 1.15  0.08  69.14  2.70  37.84 -5.13  0  0  0  0 
11-Apr-2008  17:16:00 0.78  0.19  69.88  2.56  24.01 -3.47  0  1  0  0 
11-Apr-2008  17:16:15 2.33  0.12  67.75  1.80  11.47 -1.27  0  0  0  1 
11-Apr-2008  17:16:49 0.38  0.07  77.78  1.67  12.70 -2.50  0  0  0  0 
11-Apr-2008  17:17:11 2.22  0.36  61.78  2.40  14.75 -1.43  1  1  0  1 
11-Apr-2008  17:17:11 0.94  0.02  80.69  1.09  4.28 -1.00  1  1  0  0 
11-Apr-2008  17:17:22 0.35  0.16  72.81  1.41  30.46 -4.62  0  0  0  0 
11-Apr-2008  17:17:27 1.15  0.12  72.43  2.46  16.96 -2.48  0  0  0  1 
11-Apr-2008  17:17:28 0.44  0.10  70.11  1.22  18.23 -2.66  0  0  0  0 
11-Apr-2008  17:17:35 0.63  0.09  70.61  1.15  18.63 -2.55  0  0  0  0 
11-Apr-2008  17:17:41 0.54  0.05  73.49  2.10  29.75 -4.94  0  0  1  1 
11-Apr-2008  17:17:44 2.86  0.10  71.26 -3.00  17.75  5.70  0  1  1  1 
11-Apr-2008  17:17:47 2.97  0.22  74.31  0.69  14.64 -2.47  0  1  1  1 
11-Apr-2008  17:17:48 1.30  0.12  74.65  0.06  18.64 -3.29  0  0  1  1 
11-Apr-2008  17:17:49 0.43  0.05  81.17  2.16  4.91 -1.26  0  0  0  0 
11-Apr-2008  17:17:50 0.57  0.11  73.57  1.58  11.63 -1.63  1  1  0  0 
11-Apr-2008  17:17:53 0.97  0.14  67.49  1.00  19.99 -2.47  0  0  0  1 
11-Apr-2008  17:17:54 5.76  0.32  60.66  2.37  9.69 -0.84  0  1  0  1 
11-Apr-2008  17:17:57 1.49  0.19  71.09  1.25  24.44 -3.49  0  1  1  1 
11-Apr-2008  17:18:00 0.55  0.09  72.84  1.84  22.09 -3.29  0  0  0  0 
11-Apr-2008  17:18:05 2.05  0.10  71.13  2.07  12.58 -1.63  1  1  0  1 
11-Apr-2008  17:18:05 0.98  0.10  72.61  0.56  16.21 -2.45  0  1  1  1 
11-Apr-2008  17:18:05 0.57  0.14  73.58  1.40  18.74 -3.07  0  1  1  1 
11-Apr-2008  17:18:09 0.84  0.16  73.44  2.34  19.74 -3.17  0  0  1  0 
11-Apr-2008  17:18:09 0.59  0.08  73.55  2.37  15.32 -2.45  0  1  1  0 
11-Apr-2008  17:18:15 1.52  0.07  73.48  1.26  16.16 -2.54  0  1  0  1 
11-Apr-2008  17:18:16 0.59  0.07  73.02  1.16  16.53 -2.48  0  1  1  0 
11-Apr-2008  17:18:16 1.02  0.11  72.03  2.21  14.10 -1.91  0  1  0  0 
11-Apr-2008  17:18:17 0.35  0.13  73.51  1.40  21.34 -3.29  0  0  1  0 
11-Apr-2008  17:18:20 0.53  0.08  72.77  1.67  16.69 -2.47  0  0  0  1 
11-Apr-2008  17:18:20 0.31  0.12  74.00  1.58  15.40 -2.42  0  0  0  0 
11-Apr-2008  17:18:21 0.61  0.14  72.65  1.63  16.90 -2.62  0  1  0  1 
11-Apr-2008  17:18:26 0.50  0.09  73.51  2.25  13.29 -1.98  0  1  0  0 
11-Apr-2008  17:18:34 1.22  0.11  75.23  0.40  17.49 -3.23  0  1  0  1 
11-Apr-2008  17:18:39 0.66  0.09  72.20  0.76  21.85 -3.18  0  0  1  1 
11-Apr-2008  17:18:39 0.81  0.08  74.64  1.63  26.69 -4.65  0  1  1  1 
11-Apr-2008  17:18:40 1.80  0.20  69.81  2.90  13.07 -1.61  1  1  0  1 
11-Apr-2008  17:18:47 0.59  0.04  76.41  2.76  24.57 -4.82  0  0  0  1 
11-Apr-2008  17:18:50 0.37  0.09  71.17  1.20  24.84 -3.71  0  0  0  0 
11-Apr-2008  17:18:54 0.65  0.10  73.12  2.53  15.66 -2.43  0  0  0  1 
11-Apr-2008  17:18:58 2.47  0.43  66.29  1.90  17.85 -2.00  0  0  0  1 
11-Apr-2008  17:19:05 0.68  0.05  68.92 -3.04  39.13  12.12  0  1  1  1 
11-Apr-2008  17:19:06 0.74  0.20  68.99  1.18  37.97 -5.26  0  0  0  0 
11-Apr-2008  17:19:06 0.98  0.10  69.48  2.02  33.84 -4.96  0  1  0  1 
11-Apr-2008  17:19:06 1.41  0.17  69.98  2.52  34.23 -4.88  0  1  1  1 
11-Apr-2008  17:19:07 1.01  0.07  72.18  1.72  22.53 -3.37  0  0  1  1 
11-Apr-2008  17:19:09 1.91  0.17  70.50  1.56  14.62 -1.89  1  0  0  1 
11-Apr-2008  17:19:14 0.72  0.07  74.35  1.39  27.69 -4.84  0  0  0  0 
11-Apr-2008  17:19:24 4.25  0.20  70.91  1.95  22.95 -3.29  1  0  1  1 
11-Apr-2008  17:19:25 0.83  0.21  72.87  2.15  21.73 -3.34  0  1  0  1 
11-Apr-2008  17:19:28 1.03  0.10  72.55  0.89  22.24 -3.31  0  1  0  1 
11-Apr-2008  17:19:31 0.32  0.14  71.77  1.41  13.91 -2.05  0  0  0  0 
11-Apr-2008  17:19:31 0.31  0.03  77.69  1.44  16.45 -3.34  0  0  0  0 
11-Apr-2008  17:19:31 0.49  0.07  73.23  1.83  16.55 -2.45  0  0  1  1 
11-Apr-2008  17:19:31 0.32  0.08  72.40  1.64  14.51 -1.89  0  0  1  1 
11-Apr-2008  17:19:34 0.52  0.08  75.83  2.23  11.31 -1.89  0  0  1  1 
11-Apr-2008  17:19:37 1.82  0.30  71.53  1.33  12.46 -1.64  1  1  1  0 
11-Apr-2008  17:19:37 1.45  0.13  72.03  2.85  12.40 -1.62  0  0  1  0 
11-Apr-2008  17:19:38 0.90  0.13  72.74 -3.06  13.65  4.38  0  1  1  1 
11-Apr-2008  17:19:41 0.66  0.07  77.10  2.28  10.70 -1.98  0  0  1  1 
11-Apr-2008  17:19:42 0.60  0.07  76.94  0.35  15.80 -3.29  0  0  0  0 
11-Apr-2008  17:19:49 0.49  0.07  75.82  1.95  27.24 -5.13  0  0  0  0 
11-Apr-2008  17:19:52 0.80  0.07  79.55  1.60  19.58 -4.94  0  0  0  0 
11-Apr-2008  17:20:00 1.20  0.05  70.08  0.46  78.40 -11.54  0  0  0  0 
