Floating wood at Chazey for flood on 20080407
Date Time Length(m) Diameter(m) Position(m) Angle(rad) Velocity(m/s) Rotation(rad/s) Roots(1/0) Branches(1/0) Grouped(1/0) PartSubmerged(1/0)
12-Apr-2008  07:05:21 0.82  0.13  72.04  2.04  23.93 -2.16  0  0  0  0 
12-Apr-2008  07:05:21 0.97  0.14  73.65  0.85  21.74 -2.17  0  0  0  0 
12-Apr-2008  07:05:24 0.72  0.12  75.91  2.63  18.49 -2.07  0  0  0  0 
12-Apr-2008  07:05:25 0.87  0.11  72.19  3.04  34.19 -3.25  0  1  0  0 
12-Apr-2008  07:05:34 0.65  0.15  72.53  1.53  13.34 -1.14  0  0  0  0 
12-Apr-2008  07:05:35 0.67  0.08  72.92  1.80  15.24 -1.36  0  0  0  0 
12-Apr-2008  07:05:37 0.54  0.11  75.15  1.17  15.44 -1.57  0  0  0  0 
12-Apr-2008  07:05:39 3.81  0.40  74.21  1.67  20.01 -2.20  1  1  1  0 
12-Apr-2008  07:05:38 3.41  0.27  74.56  1.88  15.31 -1.61  1  1  1  0 
12-Apr-2008  07:05:39 2.31  0.15  74.60  2.36  20.04 -2.21  0  0  1  0 
12-Apr-2008  07:05:39 2.17  0.15  74.61  2.39  20.29 -2.19  0  0  1  0 
12-Apr-2008  07:05:39 2.74  0.46  76.60  1.40  10.54 -1.11  0  0  0  0 
12-Apr-2008  07:05:42 0.37  0.16  71.54  1.21  16.23 -1.26  0  0  0  0 
12-Apr-2008  07:05:47 0.94  0.13  73.68  1.19  16.69 -1.63  0  1  0  0 
12-Apr-2008  07:05:48 0.59  0.08  77.13  1.22  17.21 -2.25  0  1  0  0 
12-Apr-2008  07:05:49 0.37  0.04  78.39  2.18  16.22 -2.16  0  1  0  0 
12-Apr-2008  07:05:51 0.56  0.08  76.23  0.11  27.14 -3.20  0  1  0  1 
12-Apr-2008  07:05:51 0.82  0.07  74.34  1.15  31.29 -3.47  0  0  0  0 
12-Apr-2008  07:05:53 0.97  0.07  74.56  0.93  19.88 -2.18  0  0  0  0 
12-Apr-2008  07:05:54 0.35  0.12  74.75  2.07  16.19 -1.71  0  0  0  0 
12-Apr-2008  07:05:55 0.67  0.16  71.59  1.55  23.98 -2.24  0  0  0  0 
12-Apr-2008  07:05:56 1.49  0.12  72.45  0.80  34.37 -3.40  0  1  0  1 
12-Apr-2008  07:05:57 0.87  0.18  74.55  2.11  20.51 -2.64  0  0  0  0 
12-Apr-2008  07:05:58 0.84  0.13  73.70  1.70  16.69 -1.65  0  0  0  0 
12-Apr-2008  07:06:00 0.77  0.19  72.19  2.83  23.92 -2.22  0  0  0  0 
12-Apr-2008  07:06:04 0.24  0.12  73.89  1.90  21.07 -2.43  0  0  0  0 
12-Apr-2008  07:06:05 1.07  0.08  73.91  2.40  13.88 -1.35  0  0  0  0 
12-Apr-2008  07:06:27 1.92  0.23  72.01  1.77  17.61 -1.66  0  1  0  1 
12-Apr-2008  07:06:42 0.84  0.09  73.41  0.98  17.18 -1.70  0  0  0  0 
12-Apr-2008  07:06:49 0.79  0.08  74.88  2.85  20.93 -2.10  0  0  0  0 
12-Apr-2008  07:06:50 0.89  0.07  73.60  1.79  21.96 -2.28  0  0  0  0 
12-Apr-2008  07:06:55 1.23  0.08  76.40  2.10  10.01 -1.10  0  0  0  0 
12-Apr-2008  07:07:01 1.01  0.08  75.83  0.87  28.09 -3.39  0  0  0  0 
12-Apr-2008  07:07:09 0.48  0.10  76.94  1.26  25.99 -3.26  0  0  0  0 
12-Apr-2008  07:07:26 0.48  0.02  81.62  0.74  18.83 -3.33  0  0  0  0 
12-Apr-2008  07:07:38 1.22  0.14  73.13  1.63  16.97 -1.62  0  0  0  0 
12-Apr-2008  07:07:40 0.61  0.10  77.36  1.68  24.40 -3.18  0  0  0  0 
12-Apr-2008  07:07:49 1.20  0.11  71.53  0.59  18.98 -1.75  0  0  0  0 
12-Apr-2008  07:07:53 0.58  0.08  78.10  1.55  24.34 -3.30  0  0  0  0 
12-Apr-2008  07:07:53 0.66  0.04  76.25  2.57  25.00 -3.19  0  0  0  0 
12-Apr-2008  07:08:47 0.11  0.04  81.90  2.05  17.26 -2.98  0  0  0  0 
12-Apr-2008  07:09:01 0.39  0.10  77.27  0.47  23.28 -3.05  0  0  0  0 
12-Apr-2008  07:09:17 1.08  0.15  73.14  1.92  16.59 -1.61  0  0  0  0 
12-Apr-2008  07:09:23 1.24  0.16  72.30  2.65  11.96 -1.06  0  0  0  0 
12-Apr-2008  07:09:40 0.96  0.13  74.93  1.20  14.80 -1.65  0  0  0  0 
12-Apr-2008  07:10:35 1.51  0.14  74.37  0.89  14.90 -1.49  0  0  0  0 
12-Apr-2008  07:10:44 2.14  0.15  72.38  2.50  16.65 -1.55  0  1  0  0 
12-Apr-2008  07:11:30 0.31  0.04  78.99  0.82  36.99 -5.57  0  0  0  0 
12-Apr-2008  07:11:39 0.68  0.06  74.64  0.99  10.21 -1.04  0  0  0  0 
12-Apr-2008  07:12:24 0.31  0.05  76.19  0.89  12.98 -1.35  0  0  0  0 
12-Apr-2008  07:12:32 0.73  0.09  71.63  1.08  16.77 -1.38  0  0  0  0 
12-Apr-2008  07:13:30 0.66  0.10  76.58  1.82  15.31 -1.88  0  0  0  0 
12-Apr-2008  07:15:10 0.31  0.02  81.57  1.70  15.63 -2.81  0  0  0  0 
12-Apr-2008  07:15:46 1.22  0.14  71.86  0.38  16.16 -1.38  0  0  0  0 
12-Apr-2008  07:16:01 0.52  0.06  77.43  2.83  14.40 -1.85  0  0  0  0 
12-Apr-2008  07:16:13 0.77  0.16  73.52  0.91  27.23 -2.85  0  0  0  0 
12-Apr-2008  07:17:14 1.02  0.13  74.14  1.91  18.76 -1.93  0  0  0  0 
12-Apr-2008  07:17:31 1.19  0.24  69.29  0.94  17.78 -1.43  0  0  0  0 
12-Apr-2008  07:17:57 0.86  0.12  70.71  2.07  17.37 -1.52  0  0  0  0 
12-Apr-2008  07:18:26 1.11  0.13  72.32  0.48  20.10 -1.96  0  1  0  0 
12-Apr-2008  07:18:59 0.43  0.06  74.22  1.13  14.88 -1.50  0  1  0  0 
12-Apr-2008  07:19:21 0.98  0.04  81.88  1.15  10.61 -1.85  0  1  0  1 
12-Apr-2008  07:19:34 0.85  0.06  81.52  3.02  16.62 -2.95  0  0  0  0 
