Floating wood at Chazey for flood on 20080407
Date Time Length(m) Diameter(m) Position(m) Angle(rad) Velocity(m/s) Rotation(rad/s) Roots(1/0) Branches(1/0) Grouped(1/0) PartSubmerged(1/0)
12-Apr-2008  05:05:06 0.41  0.11  72.40  2.26  17.82 -1.74  0  0  0  0 
12-Apr-2008  05:05:10 1.16  0.23  70.26  2.33  12.81 -1.00  0  0  0  0 
12-Apr-2008  05:05:13 0.51  0.05  75.08  2.07  28.74 -3.50  0  0  0  0 
12-Apr-2008  05:05:21 0.41  0.09  71.62  1.86  14.82 -1.47  0  0  0  0 
12-Apr-2008  05:05:33 0.99  0.15  72.00  2.27  12.09 -0.93  0  0  0  0 
12-Apr-2008  05:05:42 0.53  0.10  74.24  0.82  19.34 -2.18  0  0  0  0 
12-Apr-2008  05:06:12 0.40  0.05  76.84  1.59  13.81 -1.75  0  0  0  0 
12-Apr-2008  05:06:16 1.14  0.10  72.35  0.66  19.35 -1.77  0  0  0  1 
12-Apr-2008  05:06:45 0.83  0.09  69.75  0.73  27.31 -2.47  0  0  0  0 
12-Apr-2008  05:06:45 1.07  0.13  67.52  1.61  19.48 -1.50  0  0  0  0 
12-Apr-2008  05:06:47 1.14  0.11  71.31  0.71  13.97 -1.23  0  0  0  0 
12-Apr-2008  05:07:38 2.10  0.16  72.11  1.65  14.17 -1.25  0  0  0  0 
12-Apr-2008  05:07:44 1.41  0.06  78.54  1.34  7.93 -0.93  0  1  0  0 
12-Apr-2008  05:08:36 1.21  0.13  71.07  0.75  13.33 -1.07  0  0  0  1 
12-Apr-2008  05:09:20 0.37  0.20  69.72  1.46  13.51 -0.93  0  0  0  0 
12-Apr-2008  05:09:21 0.39  0.09  72.27  1.21  22.64 -2.41  0  0  0  0 
12-Apr-2008  05:09:49 5.66  0.25  72.06  2.19  18.23 -1.68  1  1  0  1 
12-Apr-2008  05:09:51 0.49  0.10  77.20  1.17  25.96 -3.42  0  0  0  0 
12-Apr-2008  05:09:57 1.40  0.15  71.61  2.44  13.82 -1.16  0  0  0  0 
12-Apr-2008  05:10:13 2.06  0.09  74.23  0.97  21.17 -2.29  0  0  0  0 
12-Apr-2008  05:10:15 0.54  0.02  71.98  2.10  24.20 -2.41  0  0  0  0 
12-Apr-2008  05:10:35 0.99  0.05  72.86  2.07  32.16 -3.47  0  0  0  0 
12-Apr-2008  05:10:45 0.50  0.10  69.63  2.35  16.20 -1.29  0  0  0  0 
12-Apr-2008  05:10:56 0.49  0.05  72.18  3.09  14.37 -1.46  0  0  0  0 
12-Apr-2008  05:10:58 0.59  0.12  71.70  0.54  14.79 -1.37  0  0  0  0 
12-Apr-2008  05:11:39 1.01  0.08  74.78  0.69  12.53 -1.33  0  0  0  1 
12-Apr-2008  05:11:40 0.51  0.16  72.10  1.43  14.60 -1.40  0  0  0  0 
12-Apr-2008  05:11:42 1.08  0.11  67.76  0.12  12.21 -0.85  0  0  0  0 
12-Apr-2008  05:11:59 0.81  0.08  74.23  2.93  16.94 -1.73  0  0  0  0 
12-Apr-2008  05:12:12 0.28  0.10  70.08  1.78  13.86 -1.00  0  0  0  0 
12-Apr-2008  05:12:13 0.42  0.04  83.56  1.81  29.21 -6.71  0  1  0  0 
12-Apr-2008  05:12:19 0.60  0.08  74.00  0.60  20.91 -2.15  0  0  0  0 
12-Apr-2008  05:12:39 0.76  0.14  74.21  1.31  30.10 -3.40  0  0  0  0 
12-Apr-2008  05:12:53 0.58  0.09  72.71  0.89  16.71 -1.68  0  1  0  0 
12-Apr-2008  05:13:04 1.17  0.11  70.73  1.11  18.88 -1.75  0  0  0  1 
12-Apr-2008  05:13:43 0.41  0.14  71.73  1.42  9.40 -0.76  0  0  0  0 
12-Apr-2008  05:13:51 0.60  0.14  71.57  0.52  11.20 -0.93  0  0  0  0 
12-Apr-2008  05:14:03 0.57  0.06  75.34  1.39  18.66 -2.08  0  0  0  0 
12-Apr-2008  05:14:08 1.40  0.14  74.06  1.97  15.18 -1.50  0  1  0  1 
12-Apr-2008  05:14:11 0.72  0.11  75.41  0.93  12.05 -1.20  0  0  0  0 
12-Apr-2008  05:14:30 0.24  0.04  81.74  2.69  18.24 -3.34  0  0  0  0 
12-Apr-2008  05:14:59 0.28  0.03  81.89  0.95  17.82 -3.54  0  0  0  0 
12-Apr-2008  05:14:59 0.23  0.04  81.18  1.14  10.16 -1.65  0  0  0  0 
12-Apr-2008  05:15:14 0.72  0.08  71.91  1.31  24.11 -2.55  0  0  0  0 
12-Apr-2008  05:15:42 1.39  0.33  68.94  1.16  10.98 -0.82  0  1  0  1 
12-Apr-2008  05:15:50 1.69  0.16  71.10  2.54  18.39 -1.68  0  1  0  1 
12-Apr-2008  05:15:51 0.83  0.09  70.60  1.56  23.84 -2.26  0  0  0  1 
12-Apr-2008  05:15:55 0.44  0.23  68.40  1.22  14.65 -1.12  0  0  0  0 
12-Apr-2008  05:16:13 1.18  0.10  70.67  1.68  13.85 -1.14  0  0  0  0 
12-Apr-2008  05:16:13 0.39  0.07  75.17  1.23  27.35 -3.25  0  0  0  0 
12-Apr-2008  05:16:39 0.58  0.22  69.20  1.47  16.04 -1.31  0  0  0  0 
12-Apr-2008  05:18:10 0.52  0.03  82.73  1.40  4.69 -0.96  0  1  0  0 
12-Apr-2008  05:18:27 0.56  0.09  73.88  0.71  29.37 -3.15  0  0  0  0 
12-Apr-2008  05:19:38 0.59  0.11  74.44  2.56  11.09 -1.10  0  0  0  0 
12-Apr-2008  05:19:45 0.71  0.07  75.45  1.03  28.40 -3.19  0  0  0  0 
