Floating wood at Chazey for flood on 20080407
Date Time Length(m) Diameter(m) Position(m) Angle(rad) Velocity(m/s) Rotation(rad/s) Roots(1/0) Branches(1/0) Grouped(1/0) PartSubmerged(1/0)
11-Apr-2008  11:05:11 0.95  0.29  66.64  2.78  21.01 -3.86  0  0  0  0 
11-Apr-2008  11:05:17 1.10  0.28  64.41  2.74  64.86 -10.84  0  0  0  0 
11-Apr-2008  11:05:17 0.34  0.10  72.37  0.72  18.07 -3.67  0  0  0  0 
11-Apr-2008  11:05:18 0.60  0.07  74.08  0.66  39.36 -9.77  0  0  0  0 
11-Apr-2008  11:05:18 1.45  0.13  73.07  0.79  17.78 -4.01  0  0  0  0 
11-Apr-2008  11:05:28 0.46  0.05  78.72  1.31  35.61 -11.99  0  0  0  0 
11-Apr-2008  11:05:34 1.41  0.17  70.72  0.91  19.84 -4.16  0  0  0  0 
11-Apr-2008  11:05:36 0.23  0.15  74.67  1.91  14.98 -4.32  0  0  0  0 
11-Apr-2008  11:05:43 0.30  0.12  72.65  1.79  14.22 -3.16  0  0  0  0 
11-Apr-2008  11:05:43 1.05  0.12  66.85  0.90  70.84 -12.89  0  0  0  0 
11-Apr-2008  11:05:45 0.55  0.19  69.73  0.73  23.02 -4.41  0  0  0  0 
11-Apr-2008  11:05:47 0.87  0.08  71.37  1.90  44.43 -9.76  0  1  0  0 
11-Apr-2008  11:05:48 0.50  0.15  63.69  1.22  63.30 -10.07  0  0  0  0 
11-Apr-2008  11:05:54 0.89  0.32  63.53  2.13  25.42 -4.10  0  0  0  0 
11-Apr-2008  11:05:55 1.47  0.20  70.20  2.93  54.57 -11.46  0  0  0  0 
11-Apr-2008  11:05:56 2.90  0.19  71.03  2.81  17.84 -3.72  0  0  0  0 
11-Apr-2008  11:05:56 1.51  0.29  66.27  2.29  24.77 -4.17  0  0  0  0 
11-Apr-2008  11:05:57 0.38  0.13  71.62  1.39  13.73 -2.73  0  0  0  0 
11-Apr-2008  11:05:59 0.54  0.11  73.93  1.37  12.36 -2.80  0  0  0  0 
11-Apr-2008  11:06:01 0.65  0.19  70.03  1.42  46.38 -9.97  0  0  0  0 
11-Apr-2008  11:06:09 0.70  0.30  69.35  2.06  50.87 -10.52  0  0  0  0 
11-Apr-2008  11:06:09 0.28  0.08  80.03  1.13  11.04 -3.91  0  0  0  0 
11-Apr-2008  11:06:13 0.83  0.14  72.34  1.55  47.16 -10.70  0  0  0  0 
11-Apr-2008  11:06:14 0.67  0.13  73.20  1.48  16.81 -3.85  0  0  0  0 
11-Apr-2008  11:06:14 0.79  0.11  73.28  2.20  18.04 -3.96  0  0  0  0 
11-Apr-2008  11:06:15 0.90  0.14  73.56  1.94  16.43 -3.62  0  1  0  0 
11-Apr-2008  11:06:21 0.54  0.11  76.91  1.13  36.57 -10.75  0  0  0  0 
11-Apr-2008  11:06:22 0.53  0.08  77.31  0.73  32.12 -9.93  0  0  0  0 
11-Apr-2008  11:06:23 0.84  0.17  73.83  1.70  17.11 -4.04  0  0  0  0 
11-Apr-2008  11:06:25 0.31  0.10  75.65  2.48  36.20 -9.45  0  0  0  0 
11-Apr-2008  11:06:25 0.14  0.07  79.33  2.29  12.26 -4.02  0  0  0  0 
11-Apr-2008  11:06:26 0.43  0.13  72.45 -2.94  50.25  22.07  0  0  0  0 
11-Apr-2008  11:06:26 0.32  0.14  70.81  1.40  18.57 -3.66  0  0  0  0 
11-Apr-2008  11:06:27 0.42  0.15  72.11  1.04  49.89 -11.76  0  0  0  0 
11-Apr-2008  11:06:30 0.63  0.07  74.02  0.86  37.82 -9.21  0  0  0  0 
11-Apr-2008  11:06:30 0.70  0.12  74.39  1.62  37.21 -9.41  0  0  0  0 
11-Apr-2008  11:06:31 0.24  0.11  73.96  2.28  46.85 -13.00  0  0  0  0 
11-Apr-2008  11:06:31 1.04  0.17  72.62  0.90  15.11 -3.54  0  0  0  0 
11-Apr-2008  11:06:32 2.44  0.11  72.75  3.11  48.36 -11.35  0  0  0  0 
11-Apr-2008  11:06:32 1.53  0.23  72.58  2.69  20.16 -4.20  0  1  1  0 
11-Apr-2008  11:06:33 0.61  0.13  72.90  0.53  47.01 -10.44  0  0  1  0 
11-Apr-2008  11:06:34 0.27  0.04  76.59  1.19  14.22 -3.94  0  0  0  0 
11-Apr-2008  11:06:34 0.86  0.07  76.33  0.33  37.63 -10.63  0  0  0  0 
11-Apr-2008  11:06:34 0.41  0.24  65.06  1.47  25.90 -4.19  0  0  0  0 
11-Apr-2008  11:06:36 1.56  0.29  63.46  1.13  61.39 -10.15  0  0  0  0 
11-Apr-2008  11:06:36 0.41  0.14  67.64  0.88  21.10 -4.11  0  0  1  0 
11-Apr-2008  11:06:36 0.31  0.12  72.13  2.75  14.74 -2.98  0  0  0  0 
11-Apr-2008  11:06:41 1.16  0.08  69.86  1.21  21.13 -4.29  1  0  0  0 
11-Apr-2008  11:06:46 0.44  0.11  75.50  0.36  37.59 -10.19  0  0  1  0 
11-Apr-2008  11:06:46 0.43  0.15  71.62  1.74  18.82 -3.79  0  0  0  0 
11-Apr-2008  11:06:48 0.49  0.05  77.39  1.69  39.34 -11.91  0  0  0  0 
11-Apr-2008  11:06:49 0.67  0.08  73.15  0.64  48.77 -11.25  0  0  1  0 
11-Apr-2008  11:06:49 0.24  0.14  73.09  1.93  19.04 -4.18  0  0  0  0 
11-Apr-2008  11:06:52 2.00  0.17  73.83  1.23  19.49 -4.32  0  1  0  1 
11-Apr-2008  11:06:54 0.75  0.09  70.16  1.18  46.63 -9.73  0  0  1  1 
11-Apr-2008  11:06:54 0.50  0.07  72.39  1.26  20.13 -4.34  0  0  0  1 
11-Apr-2008  11:06:56 3.47  0.28  69.75  1.96  45.95 -9.37  0  0  1  1 
11-Apr-2008  11:06:57 2.93  0.22  70.73  2.07  47.59 -10.27  0  0  0  0 
11-Apr-2008  11:06:57 1.12  0.14  72.66  2.37  43.47 -10.26  0  0  0  0 
11-Apr-2008  11:07:01 0.68  0.12  74.94  1.63  14.67 -3.88  0  0  0  1 
11-Apr-2008  11:07:01 1.79  0.19  69.43  1.63  51.14 -10.30  1  0  1  0 
11-Apr-2008  11:07:01 1.59  0.12  69.73  0.66  21.44 -4.21  0  0  1  0 
11-Apr-2008  11:07:02 1.22  0.28  69.85  1.65  52.31 -10.80  0  0  1  1 
11-Apr-2008  11:07:02 0.32  0.20  58.90  1.55  26.95 -3.47  0  0  0  0 
11-Apr-2008  11:07:03 0.39  0.08  75.90  1.55  37.20 -10.22  0  0  0  0 
11-Apr-2008  11:07:03 0.46  0.06  75.08  0.34  15.78 -3.94  0  0  0  0 
11-Apr-2008  11:07:04 0.66  0.07  72.80  1.07  56.08 -13.35  0  1  0  0 
11-Apr-2008  11:07:05 0.36  0.00  71.60  1.40  20.09 -4.20  0  0  0  0 
11-Apr-2008  11:07:06 0.29  0.10  73.58  2.70  43.62 -10.25  0  0  0  0 
11-Apr-2008  11:07:06 0.37  0.13  71.77  2.46  21.60 -4.29  0  0  0  0 
11-Apr-2008  11:07:06 1.48  0.13  68.56  2.23  49.27 -9.75  0  0  0  1 
11-Apr-2008  11:07:12 0.64  0.09  71.33  1.92  46.01 -9.75  0  1  0  0 
11-Apr-2008  11:07:13 0.45  0.20  67.18  2.70  20.89 -3.98  0  0  0  0 
11-Apr-2008  11:07:14 0.65  0.13  71.51  1.77  20.90 -4.09  0  1  0  0 
11-Apr-2008  11:07:15 0.69  0.06  75.63  0.83  14.09 -3.76  0  0  0  0 
11-Apr-2008  11:07:16 0.55  0.11  73.72  1.76  39.35 -9.74  0  1  0  0 
11-Apr-2008  11:07:18 0.47  1.32  31.68  1.86  144.25 -8.83  1  0  0  1 
11-Apr-2008  11:07:20 2.36  0.13  69.37  3.01  48.07 -9.86  1  1  0  0 
11-Apr-2008  11:07:21 0.06  0.04  72.63  2.95  20.37 -4.65  0  0  0  0 
11-Apr-2008  11:07:22 0.42  0.09  74.87  0.91  36.45 -9.39  0  0  0  0 
11-Apr-2008  11:07:24 0.84  0.16  71.37  2.65  18.84 -4.15  0  1  1  0 
11-Apr-2008  11:07:25 4.23  1.47  31.72  2.50  126.54 -9.45  0  0  0  0 
11-Apr-2008  11:07:25 0.28  0.13  71.41  2.22  18.90 -3.66  0  0  0  0 
11-Apr-2008  11:07:29 0.59  0.09  71.84  0.11  51.32 -11.67  0  0  0  0 
11-Apr-2008  11:07:29 0.33  0.02  75.09  1.99  15.18 -3.75  0  0  0  0 
11-Apr-2008  11:07:29 0.40  0.17  71.82  2.25  41.08 -9.73  0  0  0  0 
11-Apr-2008  11:07:30 0.22  0.09  76.14  1.35  13.88 -3.83  0  0  0  0 
11-Apr-2008  11:07:30 0.45  0.08  74.10  0.50  40.63 -10.18  0  1  0  0 
11-Apr-2008  11:07:30 0.54  0.08  71.78  1.26  20.91 -4.46  0  0  0  0 
11-Apr-2008  11:07:32 0.52  0.10  70.28  0.89  50.11 -10.40  0  1  0  0 
11-Apr-2008  11:07:32 0.39  0.13  69.64  2.43  18.80 -3.74  0  0  0  0 
11-Apr-2008  11:07:32 0.73  0.11  69.60  0.82  52.62 -11.05  0  1  0  0 
11-Apr-2008  11:07:33 1.53  0.11  68.84  1.64  47.89 -9.32  1  1  0  1 
11-Apr-2008  11:07:35 0.31  0.09  71.51  2.47  43.92 -9.61  0  0  0  0 
11-Apr-2008  11:07:35 0.35  0.18  68.96  1.67  22.16 -4.16  0  0  0  0 
11-Apr-2008  11:07:35 1.18  0.06  74.04  1.32  45.45 -11.44  0  1  0  0 
11-Apr-2008  11:07:37 0.65  0.05  73.44  1.45  50.22 -12.00  0  0  0  0 
11-Apr-2008  11:07:39 0.93  0.07  72.50  1.86  16.41 -3.64  0  0  0  0 
11-Apr-2008  11:07:40 0.62  0.11  70.40  0.81  45.53 -9.60  0  0  0  0 
11-Apr-2008  11:07:43 0.76  0.06  73.69  0.44  46.11 -11.26  0  0  0  0 
11-Apr-2008  11:07:47 0.33  0.12  74.06  1.69  41.21 -10.33  0  1  0  0 
11-Apr-2008  11:07:48 0.17  0.03  79.23  0.73  12.08 -4.06  0  0  0  0 
11-Apr-2008  11:07:48 1.55  0.69  41.70  2.81  44.58 -4.18  0  0  0  0 
11-Apr-2008  11:07:50 0.22  0.05  76.13  0.73  15.89 -4.25  0  0  0  0 
11-Apr-2008  11:07:51 0.45  0.09  70.98  0.76  17.73 -3.74  0  0  0  0 
11-Apr-2008  11:07:52 0.20  0.12  72.61  1.68  48.47 -11.22  0  0  0  0 
11-Apr-2008  11:07:57 0.34  0.03  77.47  1.61  14.33 -4.19  0  0  0  0 
11-Apr-2008  11:08:07 0.23  0.13  78.25  1.59  34.33 -11.54  0  0  0  0 
11-Apr-2008  11:08:07 0.81  0.16  70.79  1.98  19.02 -4.05  0  0  0  1 
11-Apr-2008  11:08:10 0.27  0.11  73.62  1.57  17.27 -4.06  0  0  0  0 
11-Apr-2008  11:08:11 0.89  0.06  73.38  0.28  16.41 -3.68  0  0  0  0 
11-Apr-2008  11:08:12 1.71  0.11  69.66 -3.06  20.57  7.54  0  0  0  0 
11-Apr-2008  11:08:12 0.78  0.07  73.12  0.88  51.21 -12.09  0  0  0  0 
11-Apr-2008  11:08:14 0.63  0.12  72.42  2.51  18.58 -4.07  0  0  0  0 
11-Apr-2008  11:08:15 0.91  0.12  72.73  1.19  50.62 -12.24  0  0  1  0 
11-Apr-2008  11:08:15 0.89  0.06  74.47  0.49  16.88 -4.13  0  0  0  0 
11-Apr-2008  11:08:17 0.19  0.20  68.26  1.44  60.30 -13.61  0  0  0  0 
11-Apr-2008  11:08:20 2.28  0.18  72.05  1.64  48.63 -10.76  0  1  0  0 
11-Apr-2008  11:08:26 0.37  0.12  67.62  1.76  61.75 -11.57  0  0  0  0 
11-Apr-2008  11:08:29 0.11  0.03  79.45  2.08  11.07 -3.62  0  0  0  0 
11-Apr-2008  11:08:31 1.42  0.29  59.88  2.98  73.29 -10.12  0  0  0  0 
11-Apr-2008  11:08:31 0.56  0.17  71.14  0.83  18.94 -3.97  0  0  1  0 
11-Apr-2008  11:08:32 0.98  0.11  72.71  2.04  47.22 -11.38  0  0  1  0 
11-Apr-2008  11:08:38 4.06  0.15  75.14  1.52  15.64 -3.93  1  1  0  1 
11-Apr-2008  11:08:40 0.52  0.16  70.96  1.83  46.79 -10.30  0  0  0  0 
11-Apr-2008  11:08:45 0.36  0.21  71.35  2.32  41.89 -9.68  0  0  0  0 
11-Apr-2008  11:08:45 2.77  0.17  69.50  1.66  20.86 -4.07  0  0  0  0 
11-Apr-2008  11:08:50 1.13  0.11  67.96  2.45  49.90 -9.82  0  0  0  0 
11-Apr-2008  11:08:51 2.19  0.19  66.91  2.68  21.04 -3.74  1  1  0  0 
11-Apr-2008  11:08:52 0.59  0.09  70.86  1.27  48.45 -10.77  0  0  0  0 
11-Apr-2008  11:08:53 0.14  0.10  78.86  2.22  10.51 -3.61  0  0  0  1 
11-Apr-2008  11:08:56 2.06  0.13  68.63  0.36  18.91 -3.73  0  0  0  0 
11-Apr-2008  11:08:56 0.57  0.08  71.95  1.97  45.68 -10.23  0  0  0  0 
11-Apr-2008  11:08:58 0.58  0.12  74.47  1.27  47.38 -12.38  0  0  0  0 
11-Apr-2008  11:08:59 0.20  0.22  70.82  1.03  19.13 -3.54  1  0  0  0 
11-Apr-2008  11:09:03 1.32  0.11  67.93  1.36  62.71 -11.92  0  0  0  0 
11-Apr-2008  11:09:04 0.81  0.12  72.05  1.39  51.12 -11.44  0  0  0  1 
11-Apr-2008  11:09:07 1.29  0.28  70.50  1.62  20.23 -3.93  0  0  0  0 
11-Apr-2008  11:09:08 0.24  0.05  76.39  1.82  42.08 -12.04  0  0  0  0 
11-Apr-2008  11:09:08 0.41  0.07  74.87  0.80  16.90 -4.29  0  0  0  0 
11-Apr-2008  11:09:11 0.48  0.06  72.25  1.39  49.05 -11.55  0  0  0  0 
11-Apr-2008  11:09:13 0.47  0.11  67.80  1.21  62.65 -11.85  0  0  0  0 
11-Apr-2008  11:09:13 0.84  0.11  69.05  2.03  21.28 -3.88  0  0  0  0 
11-Apr-2008  11:09:15 0.55  0.10  70.75  2.13  17.82 -3.72  0  0  0  0 
11-Apr-2008  11:09:16 0.49  0.28  69.07  1.78  61.97 -13.04  0  1  0  0 
11-Apr-2008  11:09:20 0.78  0.04  75.01  0.26  39.14 -10.34  0  0  0  0 
11-Apr-2008  11:09:22 0.42  0.08  71.24  1.41  17.74 -3.91  0  0  0  0 
11-Apr-2008  11:09:25 1.68  0.22  59.84  2.85  78.94 -11.36  0  0  0  0 
11-Apr-2008  11:09:26 0.60  0.03  64.54  1.91  24.44 -3.97  0  1  0  0 
11-Apr-2008  11:09:29 0.27  0.17  69.25  1.42  20.92 -4.03  0  0  0  0 
11-Apr-2008  11:09:32 0.62  0.13  72.53  1.79  48.84 -11.57  0  0  0  0 
11-Apr-2008  11:09:36 0.41  0.03  78.70  1.51  29.39 -9.81  0  0  0  0 
11-Apr-2008  11:09:36 0.35  0.07  72.56  1.00  42.55 -9.82  0  0  0  0 
11-Apr-2008  11:09:37 0.75  0.13  64.52  1.64  25.98 -4.46  0  0  0  0 
11-Apr-2008  11:09:40 0.39  0.08  71.45  1.97  19.97 -4.12  0  0  0  0 
11-Apr-2008  11:09:41 0.55  0.07  74.11  0.73  38.39 -9.46  0  0  0  0 
11-Apr-2008  11:09:50 0.35  0.04  78.10  1.43  10.29 -3.00  0  0  0  0 
11-Apr-2008  11:09:55 0.57  0.11  70.06  2.67  17.75 -3.58  0  0  0  0 
11-Apr-2008  11:10:01 1.18  0.33  59.16  0.59  29.48 -4.14  0  0  0  0 
11-Apr-2008  11:10:10 0.46  0.16  73.27  0.76  47.14 -11.65  0  0  0  0 
11-Apr-2008  11:10:12 0.58  0.04  76.59  1.34  43.19 -12.69  0  0  0  0 
11-Apr-2008  11:10:13 0.84  0.09  72.55  2.39  17.88 -3.73  0  1  0  0 
11-Apr-2008  11:10:18 2.91  0.14  64.61  1.16  27.43 -4.49  0  0  0  0 
11-Apr-2008  11:10:20 1.31  0.11  74.32  1.20  17.57 -4.20  0  0  0  0 
11-Apr-2008  11:10:21 0.49  0.09  72.92  0.17  47.78 -11.58  0  0  0  0 
11-Apr-2008  11:10:21 0.51  0.06  74.05  1.26  16.20 -3.82  0  0  0  0 
11-Apr-2008  11:10:22 0.06  0.02  74.80  2.41  43.11 -10.90  0  0  0  0 
11-Apr-2008  11:10:22 2.93  0.05  75.08  1.31  16.29 -4.02  0  1  1  0 
11-Apr-2008  11:10:22 1.29  0.07  74.94  0.79  43.28 -11.32  0  0  0  0 
11-Apr-2008  11:10:23 1.61  0.16  73.34  2.83  18.82 -4.07  1  1  1  0 
11-Apr-2008  11:10:23 0.62  0.08  76.69  2.42  42.78 -12.74  0  0  0  0 
11-Apr-2008  11:10:23 0.33  0.00  74.87  0.69  15.35 -3.74  0  0  0  0 
11-Apr-2008  11:10:24 0.73  0.04  75.09  0.29  16.08 -3.97  0  0  0  0 
11-Apr-2008  11:10:30 0.57  0.09  71.02  0.88  45.45 -10.17  0  1  0  0 
11-Apr-2008  11:10:32 0.92  0.20  63.50  0.81  77.14 -12.79  0  0  0  0 
11-Apr-2008  11:10:34 0.81  0.08  71.97  1.11  16.88 -3.90  0  0  0  0 
11-Apr-2008  11:10:35 0.30  0.06  72.91  1.18  47.29 -11.09  0  0  0  0 
11-Apr-2008  11:10:36 0.84  0.11  72.39  2.97  49.42 -11.24  0  0  0  0 
11-Apr-2008  11:10:39 0.68  0.06  73.36  2.43  18.18 -4.01  0  0  0  0 
11-Apr-2008  11:10:45 1.05  0.13  72.81  0.90  49.52 -11.75  0  0  1  0 
11-Apr-2008  11:10:45 0.71  0.08  72.94  2.17  51.28 -11.92  0  0  0  0 
11-Apr-2008  11:10:54 0.71  0.12  67.24  1.95  72.22 -13.61  0  0  0  0 
11-Apr-2008  11:10:58 0.53  0.11  73.82  1.16  39.85 -9.60  0  0  0  0 
11-Apr-2008  11:11:00 1.57  0.09  75.75 -2.98  43.18  22.83  0  1  0  1 
11-Apr-2008  11:11:03 0.93  0.09  70.82  0.82  51.56 -11.72  0  0  0  0 
11-Apr-2008  11:11:08 1.23  0.19  59.10  1.39  84.20 -11.92  0  0  0  0 
11-Apr-2008  11:11:10 1.67  0.08  69.68  0.43  56.36 -10.81  1  0  0  0 
11-Apr-2008  11:11:12 0.63  0.13  67.01  1.99  25.81 -4.37  0  0  0  0 
11-Apr-2008  11:11:15 0.38  0.09  69.72  1.84  18.86 -3.71  0  0  0  0 
11-Apr-2008  11:11:18 1.06  0.07  71.91  0.29  18.25 -4.02  1  0  0  0 
11-Apr-2008  11:11:29 1.22  0.07  73.28  1.90  11.98 -2.74  0  0  0  0 
11-Apr-2008  11:11:39 0.21  0.12  73.67  1.38  43.52 -10.88  0  0  0  0 
11-Apr-2008  11:11:39 0.47  0.16  72.20  1.40  17.87 -4.14  0  0  0  0 
11-Apr-2008  11:11:42 0.60  0.11  70.31  2.40  54.91 -11.40  0  0  0  0 
11-Apr-2008  11:11:43 0.34  0.36  70.47 -1.22  54.90  20.88  0  0  0  0 
11-Apr-2008  11:11:50 0.95  0.07  62.38  2.92  70.98 -11.62  0  0  0  0 
11-Apr-2008  11:11:51 1.04  0.08  70.00  1.65  42.67 -8.86  0  0  0  0 
11-Apr-2008  11:11:52 1.11  0.07  73.70  1.56  15.52 -3.93  0  0  0  0 
11-Apr-2008  11:11:55 0.31  0.18  68.99  1.43  18.85 -3.65  0  0  0  0 
11-Apr-2008  11:11:56 1.03  0.18  71.04  2.44  48.83 -10.79  1  0  1  0 
11-Apr-2008  11:11:56 0.57  0.13  71.46  2.52  23.80 -5.00  0  0  1  0 
11-Apr-2008  11:11:58 0.35  0.00  73.31  1.03  32.06 -8.12  0  0  0  0 
11-Apr-2008  11:11:58 1.00  0.09  70.70  1.92  44.39 -9.35  0  0  0  0 
11-Apr-2008  11:11:58 0.50  0.08  70.95  1.98  31.60 -6.49  0  0  0  0 
11-Apr-2008  11:12:02 0.71  0.08  68.95  2.27  46.05 -9.37  0  0  0  0 
11-Apr-2008  11:12:03 1.26  0.06  69.78  2.26  48.84 -10.23  0  0  0  0 
11-Apr-2008  11:12:10 0.99  0.09  71.95  1.65  47.15 -10.67  0  0  1  0 
11-Apr-2008  11:12:10 0.80  0.12  71.00  2.69  16.18 -3.47  0  0  1  0 
11-Apr-2008  11:12:13 1.03  0.07  75.79  2.74  30.15 -8.63  0  0  0  0 
11-Apr-2008  11:12:16 3.27  0.13  69.76  2.09  36.23 -7.15  0  0  1  1 
11-Apr-2008  11:12:16 1.04  0.11  70.10  0.72  38.43 -7.94  0  0  0  0 
11-Apr-2008  11:12:17 0.93  0.14  63.32  1.19  55.32 -8.98  0  0  0  0 
11-Apr-2008  11:12:18 1.14  0.12  71.54  2.87  33.06 -7.13  0  0  0  0 
11-Apr-2008  11:12:26 2.62  0.22  66.32  1.54  41.28 -7.16  1  1  0  1 
11-Apr-2008  11:12:30 1.33  0.22  70.12  0.65  30.52 -6.36  1  1  0  0 
11-Apr-2008  11:12:31 0.50  0.06  69.01  2.41  32.44 -6.33  0  0  0  0 
11-Apr-2008  11:12:36 2.52  0.18  69.01  1.43  34.37 -6.71  0  1  0  1 
11-Apr-2008  11:12:36 0.79  0.24  66.80  2.65  34.18 -6.31  0  0  0  0 
11-Apr-2008  11:12:37 0.89  0.11  67.21  1.77  28.71 -5.24  0  0  0  0 
11-Apr-2008  11:12:37 3.49  0.18  70.60  1.01  24.58 -5.06  1  1  0  1 
11-Apr-2008  11:12:48 0.96  0.11  67.53  1.79  62.98 -12.11  0  0  0  0 
11-Apr-2008  11:12:54 0.49  0.10  70.12  1.61  56.92 -12.71  0  0  0  0 
11-Apr-2008  11:13:01 0.75  0.15  66.80  2.31  13.43 -2.29  0  0  0  0 
11-Apr-2008  11:13:22 0.88  0.10  70.50  0.56  6.48 -0.87  0  0  0  0 
11-Apr-2008  11:13:37 1.18  0.19  70.51  1.88  7.70 -1.65  0  1  0  0 
11-Apr-2008  11:13:45 1.31  0.08  72.38  2.31  13.38 -3.01  0  0  0  0 
11-Apr-2008  11:13:57 1.08  0.15  68.81  0.22  6.99 -1.01  0  1  0  0 
11-Apr-2008  11:13:57 0.88  0.09  69.57  2.86  7.04 -0.99  0  0  0  0 
11-Apr-2008  11:14:17 0.54  0.10  73.65  1.55  7.34 -1.34  0  0  0  0 
11-Apr-2008  11:14:19 0.47  0.11  73.35  1.37  7.44 -1.54  0  0  0  1 
11-Apr-2008  11:14:21 1.39  0.08  70.23  0.91  8.31 -1.42  0  0  0  1 
11-Apr-2008  11:14:21 0.51  0.09  68.77  1.59  8.29 -1.51  0  0  0  0 
11-Apr-2008  11:14:34 0.59  0.09  70.69  2.29  11.83 -2.32  0  0  0  1 
11-Apr-2008  11:14:39 1.98  0.15  63.81  0.29  14.69 -2.32  0  0  0  0 
11-Apr-2008  11:14:40 0.25  0.00  66.96  1.46  17.35 -3.05  0  0  0  0 
11-Apr-2008  11:14:56 1.09  0.06  74.06  0.74  5.70 -1.04  0  0  0  0 
11-Apr-2008  11:14:58 0.94  0.11  73.47  1.26  7.88 -1.38  0  0  0  0 
11-Apr-2008  11:15:04 0.96  0.09  71.28  0.41  11.20 -2.23  0  0  0  0 
11-Apr-2008  11:15:12 0.52  0.13  73.96  1.13  10.89 -2.80  0  0  0  0 
11-Apr-2008  11:15:17 0.59  0.06  72.82  0.97  10.58 -2.12  0  0  0  0 
11-Apr-2008  11:15:47 0.79  0.06  72.47  1.02  7.20 -1.29  0  0  0  0 
11-Apr-2008  11:15:55 1.30  0.21  67.12  2.83  6.98 -0.88  0  0  0  0 
11-Apr-2008  11:16:04 0.83  0.14  70.20  2.82  8.57 -1.43  0  0  0  0 
11-Apr-2008  11:16:17 2.43  0.19  50.62  0.20  11.70 -1.25  1  0  0  0 
11-Apr-2008  11:16:19 1.65  0.13  69.42  2.24  5.72 -0.74  1  0  0  1 
11-Apr-2008  11:16:24 0.75  0.13  71.70  1.22  14.23 -3.07  0  0  0  0 
11-Apr-2008  11:16:41 0.68  0.04  71.13  2.72  6.25 -1.05  0  0  0  0 
11-Apr-2008  11:16:57 1.08  0.10  70.05  3.03  8.31 -1.45  0  0  0  0 
11-Apr-2008  11:17:15 1.77  0.06  69.70  2.27  10.92 -2.19  0  0  0  0 
11-Apr-2008  11:17:31 0.98  0.11  68.40  0.87  11.72 -2.10  0  0  0  0 
11-Apr-2008  11:17:37 0.88  0.11  69.77  3.05  15.22 -2.75  0  0  0  0 
11-Apr-2008  11:17:45 0.55  0.12  70.24  2.36  11.29 -2.13  0  0  0  0 
11-Apr-2008  11:17:53 1.42  0.11  70.20  1.74  13.36 -2.86  0  0  0  0 
11-Apr-2008  11:17:58 0.52  0.07  72.71  1.25  11.32 -2.82  0  0  0  0 
11-Apr-2008  11:18:17 0.48  0.08  73.50  0.97  9.35 -2.29  0  0  0  0 
11-Apr-2008  11:18:23 1.50  0.08  71.88  0.31  7.47 -1.46  0  0  0  1 
11-Apr-2008  11:18:27 4.49  0.29  62.99  1.50  7.66 -1.03  1  0  0  0 
11-Apr-2008  11:18:38 1.48  0.08  72.34  1.19  11.54 -2.75  0  0  0  0 
11-Apr-2008  11:18:42 0.93  0.06  69.94  0.78  14.55 -3.04  0  0  0  0 
11-Apr-2008  11:18:45 0.65  0.18  69.43  1.70  6.84 -1.03  0  0  0  1 
11-Apr-2008  11:18:53 0.96  0.06  74.01  0.68  6.48 -1.42  0  0  1  1 
11-Apr-2008  11:18:55 1.02  0.06  74.34  2.31  6.65 -1.42  0  0  1  0 
11-Apr-2008  11:18:57 1.46  0.07  71.10  1.30  6.15 -0.85  0  0  0  0 
11-Apr-2008  11:18:58 0.89  0.03  79.09  0.79  4.82 -1.41  0  0  0  0 
11-Apr-2008  11:19:01 0.61  0.06  72.81  1.28  6.97 -1.38  0  1  0  0 
11-Apr-2008  11:19:03 1.45  0.16  71.51  1.51  9.81 -2.19  0  0  0  0 
11-Apr-2008  11:19:10 0.82  0.10  68.22  1.32  11.92 -2.33  0  0  0  0 
11-Apr-2008  11:19:10 0.89  0.10  69.73  1.73  14.05 -2.69  0  0  0  0 
11-Apr-2008  11:19:14 1.79  0.17  68.23  0.58  8.47 -1.50  0  1  0  0 
11-Apr-2008  11:19:19 1.65  0.10  69.10  1.61  11.70 -2.20  0  0  0  0 
11-Apr-2008  11:19:21 1.11  0.12  73.26  1.48  6.97 -1.44  0  0  0  1 
11-Apr-2008  11:19:22 0.92  0.07  74.58  0.79  11.86 -2.82  0  0  0  0 
11-Apr-2008  11:19:37 1.11  0.11  71.23  0.47  10.50 -2.19  0  1  0  0 
11-Apr-2008  11:19:43 1.12  0.20  70.45  0.74  7.58 -1.74  0  0  1  0 
11-Apr-2008  11:19:45 1.30  0.09  71.60  2.08  5.81 -0.96  0  0  0  0 
11-Apr-2008  11:19:56 1.13  0.21  70.98  1.21  6.64 -0.95  0  0  0  0 
