Floating wood at Chazey for flood on 20071122
Date Time Length(m) Diameter(m) Position(m) Angle(rad) Velocity(m/s) Rotation(rad/s) Roots(1/0) Branches(1/0) Grouped(1/0) PartSubmerged(1/0)
23-Nov-2007  15:50:22 0.97  0.07  72.68  0.30  10.05  3.12  0  0  0  0 
23-Nov-2007  15:50:25 0.69  0.11  70.68  0.57  7.45  1.78  0  0  0  0 
23-Nov-2007  15:50:27 0.58  0.05  75.15  0.95  8.07 -3.76  0  0  0  0 
23-Nov-2007  15:50:33 0.67  0.05  72.62  0.74  12.76 -6.26  0  0  0  0 
23-Nov-2007  15:50:39 0.32  0.05  74.42  1.20  8.20 -3.87  0  0  0  0 
23-Nov-2007  15:50:43 0.42  0.11  72.98  1.63  7.37 -3.07  0  0  0  0 
23-Nov-2007  15:50:55 0.59  0.10  74.93  1.85  8.65 -4.55  0  0  1  0 
23-Nov-2007  15:50:56 0.71  0.10  75.20  0.93  8.14 -4.54  0  0  0  0 
23-Nov-2007  15:50:56 1.14  0.08  76.65  1.86  5.66 -2.65  0  1  0  0 
23-Nov-2007  15:50:57 0.88  0.06  75.80  2.50  6.80 -3.11  0  0  0  0 
23-Nov-2007  15:51:00 0.66  0.10  73.74  0.99  6.97 -2.71  0  0  0  0 
23-Nov-2007  15:51:03 0.67  0.14  70.89  1.07  8.07 -3.05  0  0  0  0 
23-Nov-2007  15:51:07 0.48  0.06  73.43  1.25  8.55 -3.66  0  0  0  0 
23-Nov-2007  15:51:08 0.34  0.10  73.35  2.09  8.30 -3.68  0  0  0  0 
23-Nov-2007  15:51:09 0.56  0.07  72.95  0.66  10.54 -4.74  0  0  0  0 
23-Nov-2007  15:51:09 0.98  0.09  74.99  0.15  16.12  6.09  0  0  0  0 
23-Nov-2007  15:51:19 0.57  0.07  71.80  1.38  8.89 -3.80  0  0  0  0 
23-Nov-2007  15:51:24 0.31  0.07  71.93  1.17  8.72 -3.85  0  0  0  0 
23-Nov-2007  15:51:27 0.42  0.08  73.38  2.21  9.31 -4.78  0  0  0  0 
23-Nov-2007  15:51:31 1.30  0.05  76.73  2.87  6.18 -2.66  0  1  0  1 
23-Nov-2007  15:51:32 0.60  0.06  79.09  0.44  8.85  4.21  0  0  1  1 
23-Nov-2007  15:51:34 0.47  0.09  75.72  1.92  7.54 -3.80  0  0  0  0 
23-Nov-2007  15:51:35 0.64  0.07  76.27  0.41  6.83  2.50  0  0  0  0 
23-Nov-2007  15:51:35 1.49  0.06  74.31  1.32  8.91 -4.72  0  0  0  0 
23-Nov-2007  15:51:36 0.54  0.08  72.42  0.86  10.02 -4.59  0  0  0  0 
23-Nov-2007  15:51:53 1.02  0.06  73.68  0.88  6.99 -2.62  0  0  0  0 
23-Nov-2007  15:51:56 0.75  0.11  72.11  2.38  9.21 -3.75  0  0  0  0 
23-Nov-2007  15:52:05 0.39  0.05  76.48  0.55  8.15  3.18  0  0  0  0 
23-Nov-2007  15:52:10 0.39  0.06  73.88  1.65  9.92 -4.64  0  0  0  0 
23-Nov-2007  15:52:12 0.75  0.08  71.60  0.64  8.05 -2.66  0  0  0  0 
23-Nov-2007  15:52:13 0.34  0.15  70.96  1.83  11.13 -4.73  0  0  0  0 
23-Nov-2007  15:52:15 0.33  0.07  73.54  1.56  12.03 -6.51  0  0  0  0 
23-Nov-2007  15:52:16 0.34  0.06  74.32  2.45  6.96 -3.22  0  0  0  0 
23-Nov-2007  15:52:17 0.99  0.12  71.82  2.61  10.44 -4.60  0  0  0  0 
23-Nov-2007  15:52:20 0.38  0.09  69.76  1.18  11.34 -4.85  0  0  0  0 
23-Nov-2007  15:52:23 0.60  0.07  76.32  0.57  14.87 -9.26  0  0  0  0 
23-Nov-2007  15:52:27 0.87  0.08  71.51  2.68  11.10 -4.66  0  0  0  0 
23-Nov-2007  15:52:27 0.58  0.05  72.04  0.58  13.42 -6.18  0  0  0  0 
23-Nov-2007  15:52:34 1.88  0.16  70.05  1.48  8.36 -3.15  0  0  0  0 
23-Nov-2007  15:52:41 0.58  0.07  71.59  1.50  7.51 -2.68  0  0  0  0 
23-Nov-2007  15:52:42 2.59  0.36  64.99  1.68  7.85 -2.28  1  0  0  0 
23-Nov-2007  15:52:49 0.30  0.08  71.34  1.62  10.56 -4.52  0  0  0  0 
23-Nov-2007  15:53:00 0.41  0.08  70.40  1.61  13.67 -6.29  0  0  0  0 
23-Nov-2007  15:53:03 0.66  0.08  71.80  0.56  10.44  3.23  0  0  0  0 
23-Nov-2007  15:53:09 1.02  0.15  68.31  2.39  7.58 -2.32  0  0  0  0 
23-Nov-2007  15:53:11 0.89  0.96  39.30  2.28  6.34 -1.09  0  0  0  0 
23-Nov-2007  15:53:15 1.50  0.15  70.10  1.24  11.54 -4.68  0  0  0  0 
23-Nov-2007  15:53:16 1.99  0.19  68.28  1.56  8.71 -3.10  0  0  0  0 
23-Nov-2007  15:53:25 0.78  0.11  71.78  0.39  10.69  3.28  0  0  0  0 
23-Nov-2007  15:53:26 0.33  0.12  73.12  1.87  13.92 -6.19  0  0  0  0 
23-Nov-2007  15:53:28 0.47  0.05  75.30  1.03  10.86 -6.10  0  0  0  0 
23-Nov-2007  15:53:29 0.58  0.05  75.97  0.95  8.75 -4.77  0  0  0  0 
23-Nov-2007  15:53:34 0.69  0.09  68.92  1.77  9.54 -3.17  0  0  0  0 
23-Nov-2007  15:53:37 1.21  0.09  71.64  0.59  7.12  1.57  0  0  0  0 
23-Nov-2007  15:53:41 0.92  0.08  71.19  2.94  8.43 -3.17  0  0  0  0 
23-Nov-2007  15:53:50 2.96  0.24  65.82  1.20  13.65 -4.79  0  0  0  1 
23-Nov-2007  15:53:50 2.81  0.20  72.16 -0.00  7.51  1.80  1  1  0  1 
23-Nov-2007  15:53:53 0.48  0.09  73.65  2.42  10.20 -4.56  0  0  0  0 
23-Nov-2007  15:53:54 1.26  0.05  70.88  0.16  8.56  2.14  0  0  0  0 
23-Nov-2007  15:53:55 0.34  0.10  70.57  2.12  9.33 -3.60  0  0  0  0 
23-Nov-2007  15:54:00 0.68  0.10  73.59  0.53  8.15  2.54  0  0  0  0 
23-Nov-2007  15:54:02 0.61  0.11  73.91  1.53  6.99 -3.18  0  0  0  0 
23-Nov-2007  15:54:05 0.30  0.11  74.43  0.99  11.86 -6.27  0  0  0  0 
23-Nov-2007  15:54:13 0.58  0.10  73.09  1.18  8.10 -3.17  0  0  0  0 
23-Nov-2007  15:54:17 1.68  0.10  73.99  1.26  8.18 -3.67  0  0  0  0 
23-Nov-2007  15:54:18 0.78  0.10  74.88  1.35  11.33 -6.18  0  0  0  0 
23-Nov-2007  15:54:21 1.32  0.07  74.35  0.73  5.99 -2.33  0  1  0  0 
23-Nov-2007  15:54:25 0.58  0.11  71.58  0.51  13.63  4.24  0  0  0  0 
23-Nov-2007  15:54:32 1.17  0.32  66.70  1.53  11.21 -3.76  0  0  0  0 
23-Nov-2007  15:54:33 1.12  0.12  73.65  1.56  8.25 -3.69  0  1  0  1 
23-Nov-2007  15:54:36 0.51  0.06  74.38  0.85  9.73 -4.53  0  0  0  0 
23-Nov-2007  15:54:37 0.80  0.10  76.24  1.84  10.87 -6.26  0  0  0  0 
23-Nov-2007  15:54:38 0.57  0.11  74.01  1.36  10.04 -4.79  0  0  0  0 
23-Nov-2007  15:54:38 0.67  0.09  72.73  0.40  8.93  2.58  0  0  0  0 
23-Nov-2007  15:54:39 1.46  0.15  73.83  1.35  6.30 -2.34  1  0  0  0 
23-Nov-2007  15:54:40 1.22  0.11  71.81  2.49  6.50 -2.06  0  0  0  0 
23-Nov-2007  15:54:46 0.81  0.05  74.02  1.16  6.87 -3.14  0  0  0  0 
23-Nov-2007  15:54:48 0.42  0.10  73.71  1.24  10.17 -4.68  0  0  0  0 
23-Nov-2007  15:54:55 1.40  0.11  67.89  0.97  6.79 -1.90  0  0  0  0 
23-Nov-2007  15:55:00 0.48  0.06  73.80  0.78  8.04 -3.67  0  0  0  0 
23-Nov-2007  15:55:05 0.94  0.05  73.48  0.40  17.80  6.45  0  0  0  0 
23-Nov-2007  15:55:07 0.45  0.09  71.00  2.24  8.62 -3.10  0  0  0  0 
23-Nov-2007  15:55:13 0.90  0.10  72.39  2.50  9.09 -3.74  0  0  0  0 
23-Nov-2007  15:55:15 1.19  0.07  73.98  0.80  6.07 -2.07  0  0  0  0 
23-Nov-2007  15:55:17 0.66  0.06  73.22  0.50  6.72  1.81  0  0  0  0 
23-Nov-2007  15:55:20 0.63  0.11  74.04  0.86  10.61 -4.75  0  0  0  0 
23-Nov-2007  15:55:21 1.39  0.11  72.87  2.79  8.87 -3.73  0  0  0  0 
23-Nov-2007  15:55:21 1.91  0.14  71.77  2.78  6.96 -2.33  0  0  0  0 
23-Nov-2007  15:55:25 0.48  0.11  66.05  1.21  9.69 -2.97  0  0  0  0 
23-Nov-2007  15:55:27 0.60  0.10  69.46  2.58  8.53 -3.07  0  0  0  0 
23-Nov-2007  15:55:30 1.57  0.15  65.44  0.95  13.13 -4.56  0  0  0  0 
23-Nov-2007  15:55:36 0.61  0.11  73.83  1.18  9.78 -4.71  0  0  0  0 
23-Nov-2007  15:55:39 2.60  0.13  73.39  1.89  12.37 -6.19  0  0  0  0 
23-Nov-2007  15:55:41 0.47  0.13  72.39  1.64  9.28 -3.70  0  0  0  0 
23-Nov-2007  15:55:45 0.69  0.13  73.29  1.64  12.15 -6.29  0  1  0  0 
23-Nov-2007  15:55:47 0.73  0.18  71.60  1.29  7.01 -2.35  0  0  0  0 
23-Nov-2007  15:55:58 2.09  0.13  71.85  1.32  8.90 -3.64  0  0  0  1 
23-Nov-2007  15:56:00 0.47  0.04  75.53  1.62  8.65 -4.58  0  0  0  0 
23-Nov-2007  15:56:00 1.32  0.10  74.15  1.28  7.45 -3.16  0  0  0  0 
23-Nov-2007  15:56:01 0.26  0.10  70.70  2.39  9.47 -3.59  0  0  0  0 
23-Nov-2007  15:56:03 0.96  0.08  72.33  0.71  8.36 -3.07  0  0  0  0 
23-Nov-2007  15:56:08 1.65  0.04  74.57  3.14  6.99 -3.16  0  0  0  0 
23-Nov-2007  15:56:09 0.17  0.04  77.46  1.51  6.24 -3.52  0  0  0  0 
23-Nov-2007  15:56:11 0.77  0.16  64.77  2.11  9.10 -2.72  0  0  0  0 
23-Nov-2007  15:56:16 0.61  0.23  72.70  1.55  8.17 -3.16  0  1  0  0 
23-Nov-2007  15:56:20 0.47  0.14  70.85  1.39  7.60 -2.69  0  0  0  0 
23-Nov-2007  15:56:21 0.22  0.09  74.41  1.35  7.27 -3.25  0  0  0  0 
23-Nov-2007  15:56:23 1.49  0.19  68.13  0.97  9.29 -3.12  0  0  0  0 
23-Nov-2007  15:56:24 0.38  0.09  72.00  2.11  10.66 -4.64  0  0  0  0 
23-Nov-2007  15:56:24 0.50  0.07  72.04  1.78  10.54 -4.75  0  0  0  0 
23-Nov-2007  15:56:25 1.08  0.11  69.27  2.61  12.17 -4.61  0  0  0  0 
23-Nov-2007  15:56:27 1.26  0.09  72.88  3.06  6.81 -2.68  0  0  0  0 
23-Nov-2007  15:56:34 0.57  0.11  71.89  2.54  7.64 -3.15  0  0  0  0 
23-Nov-2007  15:56:36 1.23  0.15  72.67  2.02  7.56 -3.08  0  0  0  0 
23-Nov-2007  15:56:39 0.75  0.14  71.52  1.39  11.14 -4.65  0  0  0  0 
23-Nov-2007  15:56:40 0.98  0.11  72.13  0.58  13.45  4.29  0  0  0  0 
23-Nov-2007  15:56:44 1.01  0.08  72.86  2.53  10.52 -4.69  0  0  0  0 
23-Nov-2007  15:56:46 0.53  0.12  70.18  2.82  8.28 -3.08  0  0  0  0 
23-Nov-2007  15:56:48 0.43  0.09  75.13  1.35  7.74 -3.64  0  0  0  0 
23-Nov-2007  15:56:49 0.62  0.09  75.64  1.76  16.85 -9.74  0  0  0  0 
23-Nov-2007  15:56:49 1.45  0.12  75.76  0.41  10.64  4.12  0  1  0  1 
23-Nov-2007  15:56:55 0.44  0.07  72.84  0.77  12.07 -6.11  0  0  0  0 
23-Nov-2007  15:57:02 0.59  0.13  73.02  0.74  7.55 -3.18  0  0  0  0 
23-Nov-2007  15:57:06 0.35  0.05  73.35  1.21  6.13 -2.30  0  0  0  0 
23-Nov-2007  15:57:14 1.12  0.09  72.55  0.56  12.88  4.19  0  0  0  0 
23-Nov-2007  15:57:25 0.82  0.05  74.83  0.07  11.21  4.13  0  0  0  0 
23-Nov-2007  15:57:28 0.60  0.09  71.51  0.86  10.76 -4.65  0  0  0  0 
23-Nov-2007  15:57:51 1.86  0.05  70.21 -0.01  9.58  2.51  0  0  0  0 
23-Nov-2007  15:57:54 2.19  0.15  63.88  1.85  8.95 -2.65  0  0  0  0 
23-Nov-2007  15:57:55 0.50  0.13  71.82  1.11  10.90 -4.61  0  0  0  0 
23-Nov-2007  15:58:01 2.26  0.09  72.18  0.74  7.80 -3.05  0  1  0  0 
23-Nov-2007  15:58:02 0.54  0.11  72.90  1.37  9.13 -3.74  0  0  0  0 
23-Nov-2007  15:58:07 1.38  0.13  71.76  1.57  9.26 -3.84  0  0  0  0 
23-Nov-2007  15:58:10 1.54  0.13  67.64  0.53  10.52  2.53  0  0  0  0 
23-Nov-2007  15:58:12 0.68  0.09  70.29  0.53  11.43 -4.53  0  0  0  0 
23-Nov-2007  15:58:27 1.75  0.13  70.82  2.31  9.15 -3.65  0  0  0  0 
23-Nov-2007  15:58:29 1.41  0.14  70.81  2.45  7.86 -3.13  0  0  0  0 
23-Nov-2007  15:58:31 0.63  0.15  72.47  1.62  19.38 -9.78  0  0  0  0 
23-Nov-2007  15:58:33 0.94  0.10  71.49  0.28  9.16  2.51  0  0  0  0 
23-Nov-2007  15:58:40 1.23  0.14  70.35  0.57  9.70 -3.67  0  0  0  0 
23-Nov-2007  15:59:02 0.49  0.07  73.02  1.83  7.83 -3.10  0  0  0  0 
23-Nov-2007  15:59:09 0.60  0.05  71.29  0.65  9.59 -3.79  0  0  0  0 
23-Nov-2007  15:59:09 3.53  0.27  66.86  2.23  9.74 -3.09  0  0  0  0 
23-Nov-2007  15:59:10 1.29  0.21  70.08  1.56  7.84 -2.67  0  0  0  0 
23-Nov-2007  15:59:21 0.91  0.08  72.50  2.04  8.74 -3.75  0  0  0  0 
23-Nov-2007  15:59:39 1.44  0.20  67.44  2.86  8.55 -2.67  0  0  0  0 
23-Nov-2007  15:59:49 1.44  0.07  72.83  1.24  12.22 -6.07  0  1  0  0 
23-Nov-2007  15:59:51 1.14  0.07  64.99 -0.04  13.19  3.15  0  0  0  0 
23-Nov-2007  15:59:58 1.17  0.19  70.48  2.31  7.38 -2.36  0  0  0  0 
23-Nov-2007  16:00:05 0.50  0.14  66.32  0.72  11.27 -3.68  0  0  0  0 
23-Nov-2007  16:00:07 1.08  0.17  68.42  0.58  12.06 -4.63  0  0  0  0 
23-Nov-2007  16:00:11 1.38  0.18  71.09  1.74  10.35 -4.51  0  1  1  1 
23-Nov-2007  16:00:24 9.63  0.17  73.60  0.89  8.37 -3.81  1  0  0  1 
23-Nov-2007  16:00:37 0.49  0.20  71.16  2.15  8.41 -3.04  0  0  0  0 
23-Nov-2007  16:00:45 1.20  0.09  71.67  0.65  7.92 -3.06  0  0  0  0 
23-Nov-2007  16:00:46 0.79  0.06  73.09  1.01  8.64 -3.66  0  0  0  0 
23-Nov-2007  16:00:47 0.53  0.09  75.79  1.02  7.32 -3.74  0  0  0  0 
23-Nov-2007  16:00:49 1.49  0.11  72.53  0.44  10.22  3.22  0  0  0  0 
23-Nov-2007  16:00:59 0.40  0.14  70.84  1.39  6.83 -2.31  0  0  0  0 
23-Nov-2007  16:01:01 0.67  0.08  72.30  0.90  9.35 -3.66  0  0  0  0 
23-Nov-2007  16:01:04 0.49  0.09  72.33  0.95  10.48 -4.61  0  0  0  0 
23-Nov-2007  16:01:06 0.53  0.16  70.93  0.83  8.17 -3.06  0  0  0  0 
23-Nov-2007  16:01:13 0.83  0.14  70.94  1.39  8.04 -3.12  0  0  0  0 
23-Nov-2007  16:01:14 2.16  0.18  69.29  1.06  7.56 -2.67  0  1  0  0 
23-Nov-2007  16:01:17 0.67  0.13  72.35  1.28  10.09 -4.65  0  0  0  0 
23-Nov-2007  16:01:19 0.64  0.12  74.06  1.18  17.14 -9.40  0  0  0  0 
23-Nov-2007  16:01:21 0.92  0.12  74.30  2.53  7.05 -2.69  0  0  0  0 
23-Nov-2007  16:01:26 0.86  0.18  71.22  0.85  10.90 -4.62  0  0  0  0 
23-Nov-2007  16:01:27 0.86  0.09  74.58  0.18  6.61  2.14  0  0  0  0 
23-Nov-2007  16:01:28 1.00  0.13  71.90  1.63  8.12 -3.14  0  0  0  0 
23-Nov-2007  16:01:31 0.66  0.11  71.71  0.60  10.92 -4.74  0  0  0  0 
23-Nov-2007  16:01:34 1.00  0.14  72.14  0.98  10.67 -4.72  0  0  0  0 
23-Nov-2007  16:01:36 3.93  0.30  71.79  2.25  7.49 -2.66  0  0  0  0 
23-Nov-2007  16:01:40 0.32  0.07  74.45  1.85  8.14 -3.57  0  0  0  0 
23-Nov-2007  16:01:42 0.46  0.10  74.81  1.85  9.51 -4.56  0  0  0  0 
23-Nov-2007  16:01:43 1.38  0.17  71.01  0.74  9.82 -3.74  0  0  0  0 
23-Nov-2007  16:01:48 1.37  0.10  72.96  0.75  10.39 -4.54  0  0  0  0 
23-Nov-2007  16:01:49 1.07  0.11  74.27  1.70  9.52 -4.60  0  0  0  0 
23-Nov-2007  16:01:54 1.66  0.09  73.14  0.27  8.74  2.54  0  0  0  0 
23-Nov-2007  16:01:55 2.18  0.21  70.21  0.59  6.39  1.41  0  0  0  0 
23-Nov-2007  16:02:00 1.35  0.10  69.62  0.88  14.71 -6.17  0  0  0  0 
23-Nov-2007  16:02:03 1.01  0.11  73.20  2.29  8.06 -3.14  0  0  0  0 
23-Nov-2007  16:02:06 0.94  0.15  71.25  2.57  11.78 -4.80  0  0  0  0 
23-Nov-2007  16:02:16 0.51  0.12  74.07  1.14  12.01 -6.27  0  0  0  0 
23-Nov-2007  16:02:27 1.03  0.08  73.32  1.91  8.26 -3.69  0  0  0  0 
23-Nov-2007  16:02:29 0.70  0.10  69.13  0.75  11.86 -4.78  0  0  0  0 
23-Nov-2007  16:02:30 0.29  0.08  70.55  1.40  10.66 -4.70  0  0  0  0 
23-Nov-2007  16:02:33 0.64  0.10  71.99  0.62  8.09 -3.14  0  0  0  0 
23-Nov-2007  16:02:38 0.46  0.06  73.97  0.89  8.28 -3.62  0  0  0  0 
23-Nov-2007  16:02:40 0.64  0.04  76.14  1.34  14.99 -9.12  0  0  0  0 
23-Nov-2007  16:02:53 0.90  0.17  62.32  2.24  10.68 -3.11  0  0  0  0 
23-Nov-2007  16:02:55 1.04  0.10  75.07  0.53  15.73  6.58  0  1  0  1 
23-Nov-2007  16:02:56 1.51  0.03  78.02  0.07  7.62  3.18  0  1  0  0 
23-Nov-2007  16:02:57 0.58  0.12  73.25  1.58  12.87 -6.10  0  0  0  0 
23-Nov-2007  16:02:57 2.36  0.16  71.12  0.94  7.96 -3.10  0  0  0  0 
23-Nov-2007  16:03:02 3.17  0.25  69.63  1.78  7.18 -2.32  0  0  0  0 
23-Nov-2007  16:03:04 1.48  0.10  72.61 -3.10  6.99  1.84  0  0  0  0 
23-Nov-2007  16:03:06 0.31  0.10  74.54  1.50  9.60 -4.57  0  0  0  0 
23-Nov-2007  16:03:08 0.38  0.12  72.74  1.37  9.02 -3.92  0  0  0  0 
23-Nov-2007  16:03:14 0.53  0.09  72.72  0.52  8.84  2.52  0  0  0  0 
23-Nov-2007  16:03:17 0.96  0.05  72.22  0.40  10.06  3.12  0  0  0  0 
23-Nov-2007  16:03:19 0.61  0.11  75.38  2.01  31.25 -18.64  0  0  0  0 
23-Nov-2007  16:03:25 1.43  0.31  64.36  2.09  7.28 -1.85  0  0  0  0 
23-Nov-2007  16:03:30 0.65  0.12  73.94  2.07  7.83 -3.70  0  0  0  0 
23-Nov-2007  16:03:32 0.86  0.25  65.04  1.45  9.82 -3.11  0  0  0  0 
23-Nov-2007  16:03:39 0.60  0.13  71.85  2.27  13.62 -6.18  0  0  0  0 
23-Nov-2007  16:03:39 1.29  0.23  69.67  1.68  21.91 -9.18  0  0  0  0 
23-Nov-2007  16:03:40 0.61  0.08  71.64  0.17  39.38  13.68  0  0  0  0 
23-Nov-2007  16:03:57 0.60  0.15  70.30  1.39  7.39 -2.62  0  0  0  0 
23-Nov-2007  16:03:58 0.52  0.30  61.16  1.20  6.34 -1.46  0  0  0  0 
23-Nov-2007  16:04:04 1.16  0.14  71.46  0.87  7.00 -2.34  0  0  0  0 
23-Nov-2007  16:04:06 0.67  0.06  73.38  0.88  8.81 -3.74  0  0  0  0 
23-Nov-2007  16:04:10 0.79  0.11  73.64  1.36  10.07 -4.74  0  0  0  0 
23-Nov-2007  16:04:10 0.99  0.13  74.13  2.24  9.71 -4.55  0  0  0  0 
23-Nov-2007  16:04:12 0.66  0.16  75.24  1.73  11.56 -6.22  0  0  0  0 
23-Nov-2007  16:04:22 1.60  0.13  73.41  0.74  8.73 -3.64  0  0  1  0 
23-Nov-2007  16:04:22 0.83  0.06  73.54  1.17  8.48 -3.70  0  0  1  0 
23-Nov-2007  16:04:25 1.52  0.10  75.13  1.09  8.58 -4.54  0  0  0  1 
23-Nov-2007  16:04:28 2.93  0.19  71.24  1.60  6.74 -2.04  0  0  0  0 
23-Nov-2007  16:04:44 0.91  0.07  72.79  0.72  9.26 -3.73  0  0  1  0 
23-Nov-2007  16:04:45 0.49  0.18  72.76  1.73  9.17 -3.63  0  0  0  0 
23-Nov-2007  16:04:45 0.67  0.08  72.09  0.58  9.56 -3.72  0  0  0  0 
23-Nov-2007  16:04:49 0.58  0.06  74.35  1.36  16.67 -9.19  0  0  0  0 
23-Nov-2007  16:04:53 0.78  0.10  70.12  2.88  9.03 -3.10  0  0  0  0 
23-Nov-2007  16:05:00 6.53  0.34  68.94  0.72  9.79 -3.73  1  0  1  1 
23-Nov-2007  16:05:00 4.70  0.23  70.18  0.66  10.97 -4.67  1  0  1  1 
23-Nov-2007  16:05:02 1.83  0.22  66.88  1.77  8.55 -2.65  0  0  0  0 
23-Nov-2007  16:05:11 0.80  0.11  67.97  3.07  9.16 -3.08  0  0  0  0 
23-Nov-2007  16:05:13 0.53  0.18  72.09  1.26  9.60 -3.74  0  0  0  0 
23-Nov-2007  16:05:19 0.39  0.14  74.32  1.59  9.57 -4.57  0  0  0  0 
