Floating wood at Chazey for flood on 20080407
Date Time Length(m) Diameter(m) Position(m) Angle(rad) Velocity(m/s) Rotation(rad/s) Roots(1/0) Branches(1/0) Grouped(1/0) PartSubmerged(1/0)
10-Apr-2008  18:05:05 2.42  0.12  72.79  1.24  7.26 -3.13  0  0  0  1 
10-Apr-2008  18:05:14 1.95  0.12  71.02  1.31  5.71 -1.72  0  0  0  1 
10-Apr-2008  18:05:25 0.50  0.09  74.52  2.52  6.01 -2.39  0  0  0  0 
10-Apr-2008  18:05:34 0.72  0.07  73.55  0.89  7.15 -2.98  0  0  0  0 
10-Apr-2008  18:05:36 0.99  0.09  67.13  1.51  5.93 -1.79  0  0  0  0 
10-Apr-2008  18:05:43 1.82  0.19  59.88  0.43  6.78 -1.54  0  0  0  0 
10-Apr-2008  18:05:49 0.59  0.00  75.45  1.63  6.19 -3.18  0  0  0  0 
10-Apr-2008  18:05:49 0.45  0.02  73.51  0.58  7.34 -3.14  0  0  0  0 
10-Apr-2008  18:05:53 0.55  0.07  71.11  0.91  6.91 -2.42  0  0  0  0 
10-Apr-2008  18:06:06 0.29  0.25  71.58 -0.65  8.93  4.47  0  0  0  0 
10-Apr-2008  18:06:07 0.48  0.05  72.44  1.80  5.24 -1.71  0  0  0  0 
10-Apr-2008  18:06:11 1.66  0.11  72.97  1.39  6.35 -2.41  0  0  0  0 
10-Apr-2008  18:06:19 0.45  0.06  70.96  1.79  6.81 -2.43  0  0  0  0 
10-Apr-2008  18:06:26 1.25  0.14  69.65  1.44  5.26 -1.37  0  0  0  0 
10-Apr-2008  18:06:34 0.62  0.07  71.50  2.01  6.77 -2.39  0  0  0  0 
10-Apr-2008  18:06:36 1.37  0.11  73.11  1.47  7.28 -2.97  0  1  1  1 
10-Apr-2008  18:06:36 1.38  0.12  72.57  1.86  5.95 -1.99  0  1  1  1 
10-Apr-2008  18:06:40 0.99  0.12  72.79  2.40  6.04 -2.03  0  0  0  0 
10-Apr-2008  18:06:40 0.63  0.07  72.99  0.70  6.37 -2.31  0  0  0  0 
10-Apr-2008  18:06:45 1.22  0.10  69.31  0.64  6.27 -2.00  0  0  0  0 
10-Apr-2008  18:06:48 1.31  0.12  73.46  0.70  6.11 -2.35  0  1  0  1 
10-Apr-2008  18:06:49 0.55  0.08  73.40  0.30  6.95 -2.89  0  0  0  0 
10-Apr-2008  18:06:50 2.05  0.11  71.14  0.47  6.57 -2.36  0  1  1  1 
10-Apr-2008  18:06:50 1.48  0.14  69.95  1.56  5.87 -1.67  0  0  1  1 
10-Apr-2008  18:06:50 1.28  0.09  72.24  0.54  5.17 -1.70  0  0  1  1 
10-Apr-2008  18:06:57 0.64  0.10  74.24  1.05  5.36 -2.34  0  0  0  0 
10-Apr-2008  18:06:58 0.95  0.06  68.27  0.81  7.40 -2.51  0  0  0  0 
10-Apr-2008  18:06:58 0.41  0.05  75.33  1.96  5.49 -2.43  0  0  0  0 
10-Apr-2008  18:06:59 0.53  0.04  75.15  1.11  6.49 -3.04  0  0  0  0 
10-Apr-2008  18:07:00 1.13  0.33  70.44  1.55  5.31 -1.52  0  1  0  1 
10-Apr-2008  18:07:01 1.48  0.13  70.27  1.38  5.78 -1.68  0  0  0  0 
10-Apr-2008  18:07:07 0.33  0.07  77.67  1.64  9.02 -6.04  0  0  0  0 
10-Apr-2008  18:07:08 0.34  0.05  74.20  1.71  4.77 -1.74  0  0  0  0 
10-Apr-2008  18:07:09 1.25  0.07  71.48  0.50  5.67 -1.72  0  0  0  0 
10-Apr-2008  18:07:17 0.60  0.06  74.35  0.52  8.32 -3.84  0  0  0  0 
10-Apr-2008  18:07:22 0.51  0.06  75.33  0.42  7.17 -3.93  0  0  0  0 
10-Apr-2008  18:07:25 1.93  0.17  67.89  1.27  6.64 -2.00  0  0  0  0 
10-Apr-2008  18:07:31 0.70  0.08  75.07  1.33  4.92 -2.06  0  0  0  0 
10-Apr-2008  18:07:33 1.45  0.07  70.91  0.43  6.54 -2.44  0  1  0  1 
10-Apr-2008  18:07:40 1.75  0.05  72.90  1.51  5.54 -2.02  0  0  0  0 
10-Apr-2008  18:07:49 0.78  0.09  75.22  1.98  6.71 -3.01  0  0  0  0 
10-Apr-2008  18:07:50 0.93  0.05  77.18  0.76  6.50 -3.91  0  0  0  0 
10-Apr-2008  18:07:52 0.81  0.07  72.97  0.69  12.36 -5.86  0  0  0  0 
10-Apr-2008  18:07:52 1.15  0.05  74.80  0.78  4.79 -1.73  0  0  0  0 
10-Apr-2008  18:08:04 1.17  0.16  70.77  3.11  6.35 -2.01  0  0  0  0 
10-Apr-2008  18:08:07 0.60  0.07  70.23  2.88  5.74 -1.69  0  0  0  0 
10-Apr-2008  18:08:11 0.76  0.09  68.08  0.22  7.30 -2.37  0  0  0  0 
10-Apr-2008  18:08:13 0.40  0.02  72.38  1.62  5.84 -2.04  0  0  0  0 
10-Apr-2008  18:08:17 2.80  0.22  68.55  2.29  5.39 -1.53  0  1  0  1 
10-Apr-2008  18:08:21 0.70  0.07  71.60  1.37  7.52 -3.06  0  0  0  0 
10-Apr-2008  18:08:25 2.25  0.13  63.77  2.78  6.79 -1.76  0  0  0  0 
10-Apr-2008  18:08:29 1.84  0.20  72.36  0.84  7.14 -3.01  0  0  0  0 
10-Apr-2008  18:08:33 1.78  0.11  76.37  1.52  5.15 -2.43  0  0  0  0 
10-Apr-2008  18:08:35 0.62  0.07  74.17  2.18  6.17 -2.52  0  0  0  0 
10-Apr-2008  18:08:36 1.15  0.06  74.43  1.80  8.72 -3.94  0  0  0  0 
10-Apr-2008  18:08:41 1.88  0.12  72.62  0.59  13.19 -6.49  0  1  0  1 
10-Apr-2008  18:08:41 0.56  0.10  74.87  1.34  8.21 -4.15  0  0  0  0 
10-Apr-2008  18:08:42 1.30  0.20  58.33  1.92  4.44 -1.06  0  0  0  0 
10-Apr-2008  18:08:44 0.59  0.12  71.85  1.56  7.72 -3.21  0  0  0  0 
10-Apr-2008  18:08:44 0.48  0.03  77.79  1.12  6.83 -3.94  0  0  0  0 
10-Apr-2008  18:08:51 1.43  0.21  69.75  1.33  5.44 -1.38  0  0  0  0 
10-Apr-2008  18:08:51 0.52  0.04  76.53  0.97  5.09 -2.45  0  0  0  0 
10-Apr-2008  18:08:54 0.54  0.09  74.74  1.26  8.42 -4.27  0  0  0  0 
10-Apr-2008  18:08:58 0.45  0.07  77.09  1.01  5.39 -3.05  0  0  0  0 
10-Apr-2008  18:08:59 1.07  0.08  75.12  1.00  4.65 -1.75  0  0  0  0 
10-Apr-2008  18:09:02 0.52  0.04  74.73  1.25  6.13 -2.52  0  0  0  0 
10-Apr-2008  18:09:04 1.14  0.47  72.83 -2.53  7.64  3.69  0  0  0  0 
10-Apr-2008  18:09:07 1.64  0.14  73.71  0.56  6.49 -2.50  0  1  1  1 
10-Apr-2008  18:09:15 0.56  0.09  75.54  2.07  4.63 -1.83  0  1  0  0 
10-Apr-2008  18:09:17 1.10  0.04  76.00  2.91  6.70 -3.13  0  0  0  0 
10-Apr-2008  18:09:19 0.87  0.07  77.72  1.00  9.91 -6.51  0  0  0  0 
10-Apr-2008  18:09:20 0.80  0.10  74.72  1.60  11.19 -6.46  0  0  0  0 
10-Apr-2008  18:09:26 0.59  0.05  74.05  1.65  9.39 -4.20  0  1  0  0 
10-Apr-2008  18:09:26 0.79  0.10  73.57  1.10  6.43 -2.55  0  1  0  0 
10-Apr-2008  18:09:31 0.59  0.10  73.02  1.10  6.50 -2.43  0  1  0  0 
10-Apr-2008  18:09:33 0.59  0.07  73.52  2.37  6.51 -2.54  0  1  0  0 
10-Apr-2008  18:09:33 1.23  0.14  73.42  0.50  9.00 -4.19  0  1  1  0 
10-Apr-2008  18:09:37 0.55  0.06  73.68  0.76  5.12 -1.75  0  0  0  0 
10-Apr-2008  18:09:48 0.69  0.05  73.91  1.35  10.03 -4.32  0  0  0  0 
10-Apr-2008  18:09:48 1.02  0.10  74.01  1.59  8.77 -4.18  0  0  0  0 
10-Apr-2008  18:09:50 0.28  0.08  75.07  0.63  8.33 -4.47  0  0  0  0 
10-Apr-2008  18:09:52 0.64  0.11  73.56  0.77  5.74 -2.44  0  0  0  0 
10-Apr-2008  18:10:00 1.69  0.07  74.31  0.21  6.34 -2.50  0  0  0  0 
10-Apr-2008  18:10:02 1.61  0.10  71.32  0.63  10.30 -4.37  0  0  0  0 
10-Apr-2008  18:10:16 0.36  0.06  72.81  1.89  5.84 -2.15  0  0  0  0 
10-Apr-2008  18:10:21 0.59  0.09  74.25  2.31  5.32 -2.13  0  0  0  0 
10-Apr-2008  18:10:26 1.20  0.07  74.60  0.18  5.61 -2.58  0  0  0  0 
10-Apr-2008  18:10:30 2.27  0.16  73.30  1.19  5.70 -2.20  0  0  0  1 
10-Apr-2008  18:10:32 1.02  0.09  73.27  0.43  5.85 -2.20  0  0  0  0 
10-Apr-2008  18:10:33 0.96  0.12  74.34  0.02  12.49 -6.51  0  0  0  0 
10-Apr-2008  18:10:35 0.84  0.12  70.18  0.53  8.34 -3.31  0  0  0  0 
10-Apr-2008  18:10:36 0.60  0.14  65.78  2.71  7.36 -2.15  0  0  0  0 
10-Apr-2008  18:10:38 0.42  0.16  69.78  0.83  8.54 -3.33  0  0  0  0 
10-Apr-2008  18:10:47 0.37  0.05  77.39  2.68  7.03 -4.40  0  0  0  0 
10-Apr-2008  18:10:57 1.67  0.07  72.28  1.04  6.25 -2.51  0  0  0  0 
10-Apr-2008  18:11:10 1.13  0.09  73.74  0.37  7.18 -3.20  0  0  0  0 
10-Apr-2008  18:11:11 0.56  0.08  72.08  2.25  13.06 -6.15  0  0  0  0 
10-Apr-2008  18:11:12 0.76  0.12  67.42  2.15  7.03 -2.15  0  0  0  0 
10-Apr-2008  18:11:15 1.33  0.10  74.10  1.03  6.13 -2.54  0  1  0  1 
10-Apr-2008  18:11:17 0.71  0.12  73.47  0.66  12.24 -6.21  0  0  0  0 
10-Apr-2008  18:11:20 0.32  0.04  75.47  1.45  6.81 -3.02  0  0  0  0 
10-Apr-2008  18:11:21 1.16  0.06  73.70  0.40  5.82 -2.01  0  0  0  0 
10-Apr-2008  18:11:24 0.64  0.09  75.04  1.14  5.36 -2.48  0  0  0  0 
10-Apr-2008  18:11:27 1.45  0.34  60.03  0.83  6.61 -1.57  0  0  0  0 
10-Apr-2008  18:11:37 0.60  0.13  71.48  2.47  9.54 -4.28  0  0  0  0 
10-Apr-2008  18:11:40 0.49  0.10  72.85  2.93  7.26 -3.08  0  0  0  0 
10-Apr-2008  18:11:42 0.52  0.04  73.91  1.42  5.45 -2.00  0  0  0  0 
10-Apr-2008  18:12:03 0.61  0.06  73.80  1.92  6.21 -2.42  0  0  0  0 
10-Apr-2008  18:12:06 0.66  0.04  74.74  1.75  5.65 -2.42  0  0  0  0 
10-Apr-2008  18:12:15 1.59  0.19  62.71  0.37  6.08 -1.53  0  0  0  0 
10-Apr-2008  18:12:28 0.31  0.10  75.59  2.11  7.88 -3.92  0  0  0  0 
10-Apr-2008  18:12:32 1.53  0.05  75.02  0.89  6.52 -3.08  0  0  0  0 
10-Apr-2008  18:12:34 0.39  0.07  74.76  2.41  5.78 -2.46  0  0  0  0 
10-Apr-2008  18:12:58 1.64  0.15  71.42  1.84  6.81 -2.47  0  0  0  0 
10-Apr-2008  18:13:04 0.52  0.06  71.92  1.57  6.65 -2.38  0  0  0  0 
10-Apr-2008  18:13:08 0.41  0.10  71.84  2.34  12.55 -6.04  0  0  0  0 
10-Apr-2008  18:13:16 0.48  0.06  72.20  2.92  9.25 -3.86  0  0  0  0 
10-Apr-2008  18:13:17 0.65  0.02  74.10 -0.09  11.61 -5.97  0  0  0  0 
10-Apr-2008  18:13:18 1.08  0.14  70.38  0.21  9.38 -3.99  0  0  0  0 
10-Apr-2008  18:13:18 0.42  0.16  73.54  1.93  7.03 -2.93  0  1  0  0 
10-Apr-2008  18:13:24 0.43  0.09  74.25  1.34  7.28 -2.92  0  0  0  0 
10-Apr-2008  18:13:28 0.32  0.06  77.05  2.09  9.40 -5.97  0  0  0  0 
10-Apr-2008  18:13:29 0.66  0.06  74.90  0.20  10.35 -5.88  0  0  0  0 
10-Apr-2008  18:13:30 0.63  0.26  73.47  2.36  5.39 -2.01  0  1  0  1 
10-Apr-2008  18:13:30 0.72  0.14  71.05  1.93  6.81 -2.41  0  0  0  1 
10-Apr-2008  18:13:40 0.45  0.13  73.42  2.30  7.33 -2.90  0  0  0  0 
10-Apr-2008  18:13:51 0.90  0.13  70.98  1.02  6.11 -1.97  0  0  0  0 
10-Apr-2008  18:14:15 0.97  0.08  71.66  0.79  6.54 -2.04  0  0  0  0 
10-Apr-2008  18:14:29 0.62  0.09  74.18  0.77  21.40 -11.60  0  0  0  0 
10-Apr-2008  18:14:34 0.68  0.14  75.52  0.74  8.17 -4.01  0  0  0  0 
10-Apr-2008  18:14:35 0.33  0.05  77.07  2.04  9.53 -6.01  0  0  0  0 
10-Apr-2008  18:14:50 0.36  0.06  73.83  1.74  8.82 -4.08  0  0  0  0 
10-Apr-2008  18:14:55 1.81  0.15  74.82  1.33  4.72 -1.75  1  0  0  0 
10-Apr-2008  18:15:06 0.90  0.16  70.96  0.51  6.37 -2.03  0  0  0  0 
10-Apr-2008  18:15:10 0.52  0.09  71.03  2.02  6.27 -1.98  0  0  0  0 
10-Apr-2008  18:15:13 1.07  0.10  69.25  2.28  6.40 -2.12  0  0  0  0 
10-Apr-2008  18:15:19 0.76  0.05  75.58  0.83  11.11 -6.13  0  0  0  0 
10-Apr-2008  18:15:21 1.91  0.10  73.75  1.50  5.11 -2.01  0  1  0  1 
10-Apr-2008  18:15:21 0.56  0.13  62.90  1.68  8.03 -2.45  0  0  0  0 
10-Apr-2008  18:15:22 0.46  0.04  75.50  0.97  6.23 -3.05  0  0  0  0 
10-Apr-2008  18:15:26 0.63  0.11  68.53  2.49  6.03 -1.74  0  0  0  0 
10-Apr-2008  18:15:27 0.38  0.08  70.64  1.59  13.48 -6.77  0  0  0  0 
10-Apr-2008  18:15:37 0.64  0.11  72.05  1.19  7.93 -3.17  0  0  0  0 
10-Apr-2008  18:15:39 0.48  0.05  70.75  0.22  9.80 -4.10  0  0  0  0 
10-Apr-2008  18:15:43 1.14  0.08  70.04  1.00  7.24 -2.43  0  0  0  0 
10-Apr-2008  18:15:45 0.61  0.11  69.76  0.61  8.49 -3.11  0  1  0  0 
10-Apr-2008  18:16:09 0.59  0.09  74.16  2.36  5.89 -2.45  0  0  0  0 
10-Apr-2008  18:16:13 0.63  0.07  76.10  1.32  6.34 -3.04  0  0  0  0 
10-Apr-2008  18:16:14 0.70  0.06  74.47  0.64  5.39 -2.00  0  0  0  0 
10-Apr-2008  18:16:15 0.45  0.06  73.34  1.01  6.21 -2.24  0  0  0  0 
10-Apr-2008  18:16:17 0.40  0.02  73.90  3.04  12.02 -6.08  0  0  0  0 
10-Apr-2008  18:16:22 1.09  0.10  73.05  1.48  4.89 -1.47  0  0  0  0 
10-Apr-2008  18:16:30 0.32  0.08  71.34  0.78  6.53 -1.90  0  0  0  0 
10-Apr-2008  18:16:40 0.85  0.06  74.02 -0.15  5.40 -1.96  0  1  0  0 
10-Apr-2008  18:16:42 1.13  0.14  63.84  1.12  5.10 -1.21  0  0  0  0 
10-Apr-2008  18:16:45 1.11  0.09  73.10  1.18  4.51 -1.49  0  0  0  0 
10-Apr-2008  18:16:50 0.43  0.06  75.50  2.03  10.71 -5.83  0  0  0  0 
10-Apr-2008  18:16:52 0.71  0.13  68.73  0.72  6.77 -2.28  0  0  0  0 
10-Apr-2008  18:16:56 0.58  0.06  72.84  1.17  7.51 -3.08  0  0  0  0 
10-Apr-2008  18:17:03 0.59  0.05  73.57  0.95  5.49 -1.92  0  0  0  0 
10-Apr-2008  18:17:04 0.43  0.05  73.58  1.68  5.23 -1.75  0  0  0  0 
10-Apr-2008  18:17:11 0.82  0.14  72.43  0.88  12.18 -6.30  0  0  0  0 
10-Apr-2008  18:17:24 1.71  0.07  74.05  0.24  11.61 -5.82  0  0  0  0 
10-Apr-2008  18:17:29 0.26  0.12  71.31  1.37  5.99 -1.89  0  0  0  0 
10-Apr-2008  18:17:31 0.93  0.12  73.22  2.11  6.40 -2.39  0  1  0  0 
10-Apr-2008  18:17:41 1.14  0.09  76.92  0.58  18.58 -11.98  0  0  0  0 
10-Apr-2008  18:17:42 0.47  0.09  77.23  2.42  7.22 -4.17  1  0  0  1 
10-Apr-2008  18:17:48 0.71  0.06  71.98  1.19  9.47 -3.88  0  0  0  0 
10-Apr-2008  18:17:52 1.95  0.21  68.95  2.99  10.57 -3.88  0  0  0  0 
10-Apr-2008  18:17:52 2.40  0.25  71.23  1.37  6.66 -2.30  0  0  0  0 
10-Apr-2008  18:18:04 0.76  0.15  71.21  2.37  8.29 -2.96  0  0  0  0 
10-Apr-2008  18:18:08 0.46  0.05  73.56  1.69  8.32 -3.91  0  0  0  0 
10-Apr-2008  18:18:09 0.57  0.02  74.82  0.00  7.88 -3.97  0  0  0  0 
10-Apr-2008  18:18:11 0.87  0.17  72.58  1.85  4.60 -1.47  0  0  0  0 
10-Apr-2008  18:18:17 0.78  0.09  71.99  0.48  6.04 -1.95  0  0  0  0 
10-Apr-2008  18:18:20 1.80  0.18  70.84  0.48  7.02 -2.42  0  0  0  0 
10-Apr-2008  18:18:22 0.71  0.06  73.69  0.75  5.75 -1.73  0  0  0  0 
10-Apr-2008  18:18:27 0.79  0.10  73.18  1.35  5.20 -1.52  0  0  0  0 
10-Apr-2008  18:18:41 5.77  0.18  73.60  1.29  7.05 -3.05  0  1  0  0 
10-Apr-2008  18:18:40 1.73  0.10  74.49  1.32  6.49 -3.05  0  1  0  0 
10-Apr-2008  18:18:47 0.93  0.12  69.25  0.39  6.20 -1.76  0  0  0  0 
10-Apr-2008  18:18:51 0.70  0.11  68.30  2.13  6.98 -2.04  0  0  0  0 
10-Apr-2008  18:19:04 1.11  0.15  66.38  0.12  7.42 -2.26  0  0  0  0 
10-Apr-2008  18:19:05 0.93  0.10  70.51  0.17  8.85 -3.79  0  0  0  0 
10-Apr-2008  18:19:23 0.59  0.08  72.05  2.17  6.39 -2.32  0  0  0  0 
10-Apr-2008  18:19:29 1.13  0.39  69.16  0.52  5.54 -1.42  0  0  0  0 
10-Apr-2008  18:19:33 0.85  0.16  72.26  1.17  7.47 -2.84  0  0  0  0 
10-Apr-2008  18:19:34 0.58  0.11  72.30  1.17  8.75 -3.71  0  0  0  0 
10-Apr-2008  18:19:34 1.24  0.04  73.73  0.15  6.71 -2.86  0  1  0  0 
10-Apr-2008  18:19:35 0.49  0.11  72.63  2.67  9.34 -3.90  0  0  0  0 
10-Apr-2008  18:19:36 0.37  0.07  73.76  1.81  11.49 -5.61  0  0  0  0 
10-Apr-2008  18:19:39 0.85  0.15  68.98  1.03  6.48 -2.00  0  0  0  0 
10-Apr-2008  18:19:43 0.70  0.10  74.22  1.73  6.67 -2.85  0  0  0  0 
10-Apr-2008  18:19:46 1.02  0.17  72.22  1.53  6.44 -2.31  0  1  0  1 
10-Apr-2008  18:19:59 2.61  0.51  58.37  1.18  6.70 -1.63  0  0  0  0 
