Floating wood at Chazey for flood on 20080407
Date Time Length(m) Diameter(m) Position(m) Angle(rad) Velocity(m/s) Rotation(rad/s) Roots(1/0) Branches(1/0) Grouped(1/0) PartSubmerged(1/0)
12-Apr-2008  17:05:37 1.41  0.15  73.07  2.63  17.90 -1.73  0  0  0  1 
12-Apr-2008  17:06:32 0.83  0.09  72.89  0.61  12.24 -1.03  0  0  0  0 
12-Apr-2008  17:07:40 1.19  0.08  73.47  0.37  12.20 -1.06  0  0  0  0 
12-Apr-2008  17:08:12 0.50  0.12  70.29  0.86  20.26 -1.85  0  0  0  0 
12-Apr-2008  17:09:24 0.58  0.10  74.52  1.36  11.40 -1.10  0  0  0  0 
12-Apr-2008  17:09:34 1.45  0.13  73.87  0.36  8.21 -0.68  0  0  0  0 
12-Apr-2008  17:10:07 1.88  0.11  70.29  2.79  13.99 -1.06  0  0  0  0 
12-Apr-2008  17:11:12 1.28  0.07  73.60  0.98  11.53 -1.09  0  0  0  0 
12-Apr-2008  17:12:04 3.60  0.19  71.86  2.27  13.13 -1.12  0  0  0  0 
12-Apr-2008  17:12:06 0.69  0.10  72.95  2.48  34.60 -3.08  0  0  0  0 
12-Apr-2008  17:12:44 1.36  0.08  73.10  1.34  16.57 -1.69  0  0  0  0 
12-Apr-2008  17:14:08 1.15  0.11  72.08  0.50  10.15 -0.83  0  0  0  0 
12-Apr-2008  17:14:09 0.44  0.12  70.26  2.43  8.52 -0.54  0  0  0  0 
12-Apr-2008  17:15:29 0.62  0.09  69.88  1.56  9.12 -0.75  0  0  0  0 
12-Apr-2008  17:16:16 0.75  0.05  75.62  0.46  7.38 -0.69  0  1  0  0 
12-Apr-2008  17:16:26 0.77  0.18  70.72  2.11  13.90 -0.99  0  0  0  0 
12-Apr-2008  17:17:34 0.33  0.06  73.35  1.55  8.50 -0.74  0  0  0  0 
12-Apr-2008  17:19:40 0.79  0.03  70.56  0.31  20.78 -1.71  0  0  0  0 
