Floating wood at Chazey for flood on 20080407
Date Time Length(m) Diameter(m) Position(m) Angle(rad) Velocity(m/s) Rotation(rad/s) Roots(1/0) Branches(1/0) Grouped(1/0) PartSubmerged(1/0)
10-Apr-2008  10:06:19 2.25  0.11  76.25  1.71  3.15 -1.66  0  0  0  0 
10-Apr-2008  10:06:42 0.99  0.15  73.21  2.23  6.23 -4.22  0  0  0  0 
10-Apr-2008  10:07:17 4.65  0.18  71.69  0.58  3.37 -1.35  1  0  0  0 
10-Apr-2008  10:07:55 0.63  0.09  74.11 -0.15  3.29  1.67  0  0  0  0 
10-Apr-2008  10:08:18 0.80  0.15  70.36  2.40  4.09 -1.93  0  0  0  0 
10-Apr-2008  10:08:18 1.17  0.19  72.17  0.59  3.42 -1.35  0  0  0  0 
10-Apr-2008  10:08:56 0.52  0.10  73.17  1.34  3.56 -1.76  0  0  0  0 
10-Apr-2008  10:10:07 0.66  0.04  77.31  0.97  3.21 -1.84  0  0  0  0 
10-Apr-2008  10:11:20 0.37  0.07  76.73  0.64  3.10 -1.72  0  0  0  0 
10-Apr-2008  10:11:30 0.52  0.07  75.30  0.30  4.14 -2.52  0  0  0  0 
10-Apr-2008  10:11:40 0.63  0.08  74.91  2.51  4.20 -2.54  0  0  0  0 
10-Apr-2008  10:11:44 0.74  0.05  78.04  0.95  2.95 -1.90  0  0  0  0 
10-Apr-2008  10:11:59 0.42  0.07  74.69  0.43  3.70 -2.14  0  0  0  0 
10-Apr-2008  10:12:35 0.76  0.18  70.84  1.44  3.60 -1.54  0  0  0  0 
10-Apr-2008  10:13:10 0.28  0.08  75.20  2.55  4.45 -3.04  0  0  0  0 
10-Apr-2008  10:13:20 0.33  0.13  74.55  1.47  4.19 -2.53  0  0  0  0 
10-Apr-2008  10:14:34 0.55  0.09  74.09  2.36  4.32 -2.47  0  0  0  0 
10-Apr-2008  10:14:51 0.44  0.09  74.50  0.96  5.46 -3.66  0  0  0  0 
10-Apr-2008  10:14:57 0.91  0.07  77.46  2.22  3.39 -2.13  0  0  0  0 
10-Apr-2008  10:15:02 0.23  0.03  79.30  0.98  2.53 -2.07  0  0  0  0 
10-Apr-2008  10:15:50 0.78  0.27  58.58  0.58  4.53 -1.99  0  0  0  0 
10-Apr-2008  10:16:04 0.42  0.09  75.74  2.02  3.82 -2.40  0  0  0  0 
10-Apr-2008  10:18:09 0.50  0.09  76.13  2.06  3.09 -1.79  0  0  0  0 
10-Apr-2008  10:18:50 0.47  0.05  76.07  0.60  4.10 -2.71  0  0  0  0 
