Floating wood at Chazey for flood on 20080407
Date Time Length(m) Diameter(m) Position(m) Angle(rad) Velocity(m/s) Rotation(rad/s) Roots(1/0) Branches(1/0) Grouped(1/0) PartSubmerged(1/0)
11-Apr-2008  09:05:10 2.92  0.16  70.77  1.07  13.97 -3.06  0  0  0  1 
11-Apr-2008  09:05:09 1.82  0.40  58.36  1.33  8.38 -1.04  0  0  0  0 
11-Apr-2008  09:05:17 0.77  0.13  65.19  1.62  10.49 -1.60  0  0  0  0 
11-Apr-2008  09:05:28 0.67  0.15  69.89  1.41  7.55 -1.14  0  0  0  0 
11-Apr-2008  09:05:30 0.49  0.13  72.88  1.93  12.95 -3.11  0  0  0  0 
11-Apr-2008  09:05:33 0.57  0.07  72.84  0.95  9.51 -2.14  0  0  0  0 
11-Apr-2008  09:05:36 0.74  0.15  68.91  2.41  11.33 -2.10  0  0  0  0 
11-Apr-2008  09:05:43 0.87  0.12  69.45  0.75  13.31 -2.63  0  0  0  0 
11-Apr-2008  09:05:44 1.17  0.10  70.74  2.61  14.55 -3.07  0  0  0  0 
11-Apr-2008  09:05:44 1.00  0.13  69.23  2.62  11.43 -2.13  0  0  0  0 
11-Apr-2008  09:05:56 2.05  0.13  72.62  1.06  11.88 -2.64  0  0  0  1 
11-Apr-2008  09:05:57 0.64  0.07  74.79  2.05  10.21 -2.41  0  0  0  0 
11-Apr-2008  09:05:59 1.39  0.07  75.73  0.42  36.79 -11.23  0  1  0  0 
11-Apr-2008  09:05:59 0.39  0.08  73.71  2.47  6.00 -1.03  0  0  0  0 
11-Apr-2008  09:06:03 0.78  0.15  70.10  3.04  8.47 -1.46  0  0  0  0 
11-Apr-2008  09:06:08 0.47  0.13  72.11  1.38  12.02 -2.38  0  0  0  0 
11-Apr-2008  09:06:13 1.11  0.10  70.88  3.08  13.07 -2.59  0  1  0  0 
11-Apr-2008  09:06:16 1.40  0.22  68.03  1.67  15.71 -2.93  0  0  0  0 
11-Apr-2008  09:06:26 1.02  0.06  74.95  1.36  39.10 -11.87  0  0  0  0 
11-Apr-2008  09:06:27 0.92  0.20  67.97  3.09  12.76 -2.34  0  0  0  0 
11-Apr-2008  09:06:27 0.72  0.08  73.90  0.63  48.30 -12.06  0  0  0  0 
11-Apr-2008  09:06:29 1.07  0.13  72.45  2.64  12.67 -3.08  0  0  0  0 
11-Apr-2008  09:06:32 0.91  0.09  72.90  0.52  13.29 -3.09  0  0  0  0 
11-Apr-2008  09:06:38 0.76  0.07  71.31  1.12  12.62 -2.50  0  0  0  0 
11-Apr-2008  09:06:47 0.62  0.12  68.87  0.59  13.04 -2.45  0  0  0  0 
11-Apr-2008  09:06:51 1.77  0.18  67.71  0.44  13.86 -2.51  0  0  0  0 
11-Apr-2008  09:07:04 0.96  0.23  71.00  1.64  9.29 -1.82  0  1  1  0 
11-Apr-2008  09:07:11 2.45  0.12  69.95  0.17  9.06 -1.55  0  0  0  0 
11-Apr-2008  09:07:16 0.56  0.05  74.69  1.52  8.00 -1.74  0  0  0  0 
11-Apr-2008  09:07:21 1.24  0.09  69.73  0.92  11.80 -2.32  0  0  0  0 
11-Apr-2008  09:07:24 0.89  0.17  71.82  0.61  8.90 -1.75  0  1  1  0 
11-Apr-2008  09:07:25 0.55  0.15  71.15  1.40  10.24 -2.24  0  1  1  0 
11-Apr-2008  09:07:26 0.72  0.11  72.42  1.94  12.63 -3.01  0  0  0  0 
11-Apr-2008  09:07:27 0.69  0.08  70.36  1.65  11.33 -2.32  0  0  0  0 
11-Apr-2008  09:07:29 0.80  0.15  70.20  0.52  14.24 -3.13  0  0  0  0 
11-Apr-2008  09:07:34 0.48  0.15  73.06  1.09  11.66 -2.74  0  1  1  0 
11-Apr-2008  09:07:38 1.77  0.22  70.20  2.15  6.90 -1.08  0  1  1  1 
11-Apr-2008  09:07:39 1.04  0.15  71.20  2.41  8.18 -1.47  0  1  1  0 
11-Apr-2008  09:07:46 0.65  0.16  68.06  2.22  8.70 -1.36  0  0  0  0 
11-Apr-2008  09:07:52 0.81  0.41  59.67  1.04  10.06 -1.42  0  0  0  0 
11-Apr-2008  09:08:00 0.77  0.22  66.52  1.03  8.90 -1.31  0  0  0  0 
11-Apr-2008  09:08:13 1.61  0.26  69.73  2.87  8.40 -1.47  1  0  1  1 
11-Apr-2008  09:08:22 1.13  0.10  74.60  1.82  6.78 -1.33  0  0  0  0 
11-Apr-2008  09:08:23 0.43  0.11  68.64  0.97  12.91 -2.40  0  0  0  0 
11-Apr-2008  09:08:26 1.23  0.19  67.99  1.28  9.88 -1.58  0  1  1  1 
11-Apr-2008  09:08:27 0.87  0.18  69.60  1.01  11.36 -2.23  0  0  0  0 
11-Apr-2008  09:08:29 0.78  0.16  68.26  2.64  11.72 -2.24  0  0  0  0 
11-Apr-2008  09:08:30 0.89  0.03  70.82  1.96  10.92 -2.26  0  0  0  0 
11-Apr-2008  09:08:37 0.51  0.11  69.48  2.19  13.10 -2.81  0  0  0  0 
11-Apr-2008  09:08:47 0.34  0.08  69.62  1.65  9.59 -1.63  0  0  0  0 
11-Apr-2008  09:08:51 0.57  0.05  75.21  1.27  12.69 -3.56  0  0  0  0 
11-Apr-2008  09:08:59 1.25  0.21  67.74  0.92  11.47 -2.17  0  1  0  0 
11-Apr-2008  09:09:03 0.76  0.09  70.40  0.98  13.08 -2.65  0  0  0  0 
11-Apr-2008  09:09:20 1.00  0.21  70.32  2.10  13.01 -2.71  0  0  0  0 
11-Apr-2008  09:09:25 0.46  0.06  76.59  2.10  11.93 -3.57  0  0  0  0 
11-Apr-2008  09:09:29 1.54  0.24  70.57  1.67  12.80 -2.83  0  0  0  1 
11-Apr-2008  09:09:35 8.31  0.42  72.72  2.63  7.00 -1.38  1  1  0  1 
11-Apr-2008  09:09:41 0.44  0.09  72.34  0.90  12.32 -2.71  0  0  0  0 
11-Apr-2008  09:09:41 0.89  0.08  71.08  1.40  17.48 -3.86  0  0  0  0 
11-Apr-2008  09:09:43 0.46  0.13  71.47  2.23  11.11 -2.21  0  0  0  0 
11-Apr-2008  09:09:45 1.23  0.92  43.05  2.08  11.97 -1.24  0  0  0  0 
11-Apr-2008  09:09:48 0.62  0.13  67.14  2.71  9.02 -1.42  0  0  0  0 
11-Apr-2008  09:09:50 1.07  0.12  68.41  0.56  9.48 -1.56  0  0  0  0 
11-Apr-2008  09:09:51 0.50  0.10  69.33  1.60  11.27 -2.14  0  0  0  0 
11-Apr-2008  09:10:05 1.32  0.19  68.78  1.43  14.37 -2.99  0  0  0  0 
11-Apr-2008  09:10:31 0.43  0.05  73.92  1.61  7.87 -1.64  0  0  0  0 
11-Apr-2008  09:10:37 0.83  0.10  69.25  2.87  9.22 -1.54  0  0  0  0 
11-Apr-2008  09:10:40 0.90  0.22  70.22  0.58  14.25 -3.01  0  1  1  0 
11-Apr-2008  09:10:43 1.11  0.11  71.49  0.72  13.84 -3.31  0  0  1  0 
11-Apr-2008  09:10:51 0.48  0.08  75.38  2.86  9.15 -2.29  0  0  0  0 
11-Apr-2008  09:10:54 0.59  0.22  66.97  1.26  16.96 -3.17  0  0  0  0 
11-Apr-2008  09:11:04 0.58  0.10  74.43  0.93  7.70 -1.61  0  0  0  0 
11-Apr-2008  09:11:05 1.49  0.20  66.92  1.24  7.58 -1.13  0  0  0  0 
11-Apr-2008  09:11:10 0.73  0.15  69.31  2.27  12.18 -2.51  0  0  0  0 
11-Apr-2008  09:11:17 0.98  0.11  67.03  1.87  11.26 -1.85  0  0  0  0 
11-Apr-2008  09:11:19 1.90  0.11  69.23  0.71  55.66 -12.30  0  0  0  0 
11-Apr-2008  09:11:21 1.52  0.12  68.61  0.65  9.46 -1.66  0  1  0  0 
11-Apr-2008  09:11:24 2.32  0.17  66.94  0.60  9.01 -1.55  0  1  0  0 
11-Apr-2008  09:11:24 0.87  0.19  68.07  1.76  9.51 -1.61  0  0  0  0 
11-Apr-2008  09:11:25 0.92  0.19  67.82  1.33  17.07 -3.41  0  0  0  0 
11-Apr-2008  09:11:36 0.70  0.14  71.48  0.25  13.23 -3.11  0  0  0  0 
11-Apr-2008  09:11:37 0.59  0.17  70.80  2.13  6.91 -1.14  0  0  0  0 
11-Apr-2008  09:11:38 1.01  0.19  66.64  2.59  8.98 -1.41  0  0  0  0 
11-Apr-2008  09:11:43 0.84  0.14  70.83  2.45  8.77 -1.60  0  0  0  0 
11-Apr-2008  09:11:46 0.46  0.18  70.93  0.82  13.26 -2.90  0  0  0  0 
11-Apr-2008  09:11:48 0.97  0.07  71.33  1.54  12.27 -2.56  0  0  0  0 
11-Apr-2008  09:11:53 0.88  0.14  72.74  0.74  13.22 -3.12  0  1  0  1 
11-Apr-2008  09:11:58 0.88  0.04  72.99  0.25  9.12 -1.83  0  0  0  0 
11-Apr-2008  09:12:02 2.55  0.49  58.49  0.44  8.59 -1.04  0  1  0  0 
11-Apr-2008  09:12:04 0.79  0.20  70.50  2.74  9.58 -1.69  0  0  0  0 
11-Apr-2008  09:12:12 0.43  0.12  66.24  1.46  12.45 -2.06  0  0  0  0 
11-Apr-2008  09:12:16 0.68  0.11  70.01  0.73  14.62 -3.06  0  0  0  0 
11-Apr-2008  09:12:19 0.51  0.07  73.86  0.90  12.54 -3.10  0  0  0  0 
11-Apr-2008  09:12:19 0.57  0.09  73.52  0.60  12.79 -2.89  0  0  0  0 
11-Apr-2008  09:12:21 1.32  0.14  65.69  2.17  9.97 -1.66  0  0  0  0 
11-Apr-2008  09:12:28 0.57  0.11  67.11  0.89  13.56 -2.40  0  0  0  0 
11-Apr-2008  09:12:32 0.42  0.08  70.56  1.21  10.82 -2.29  0  0  0  0 
11-Apr-2008  09:12:34 0.42  0.05  75.29  2.06  9.26 -2.21  0  0  0  0 
11-Apr-2008  09:12:40 1.28  0.16  68.02  2.32  11.06 -2.08  0  0  0  0 
11-Apr-2008  09:12:40 0.96  0.11  73.22  3.04  14.19 -3.34  0  0  0  0 
11-Apr-2008  09:12:41 1.20  0.25  65.55  1.26  18.89 -3.49  0  0  0  0 
11-Apr-2008  09:12:50 0.52  0.09  76.68  1.52  10.20 -2.96  0  0  0  0 
11-Apr-2008  09:12:53 0.64  0.09  71.45  1.02  14.13 -3.29  0  0  0  0 
11-Apr-2008  09:13:03 0.60  0.22  67.43  0.93  21.37 -4.22  0  0  0  0 
11-Apr-2008  09:13:10 0.49  0.09  70.66  1.24  10.57 -2.28  0  1  0  0 
11-Apr-2008  09:13:20 0.86  0.16  67.86  0.29  12.52 -2.26  0  0  0  0 
11-Apr-2008  09:13:21 1.08  0.15  68.17  0.84  16.63 -3.49  0  0  0  0 
11-Apr-2008  09:13:22 1.42  0.12  72.82  1.46  9.08 -1.91  0  1  0  1 
11-Apr-2008  09:13:25 0.70  0.07  73.31  1.29  25.02 -6.27  0  0  0  0 
11-Apr-2008  09:13:25 0.69  0.17  71.63  0.69  14.91 -3.36  0  0  1  0 
11-Apr-2008  09:13:25 0.87  0.10  72.46  0.34  13.69 -3.17  0  1  0  0 
11-Apr-2008  09:13:26 1.73  0.12  71.65  0.60  13.41 -2.88  0  1  1  0 
11-Apr-2008  09:13:26 0.84  0.15  71.58  1.57  12.99 -2.74  0  1  1  0 
11-Apr-2008  09:13:28 0.53  0.16  72.31  0.82  14.29 -3.62  0  1  0  0 
11-Apr-2008  09:13:31 0.99  0.08  71.97  1.03  10.26 -2.21  0  0  0  0 
11-Apr-2008  09:13:32 0.55  0.08  71.52  1.79  9.62 -1.83  0  1  0  0 
11-Apr-2008  09:13:34 1.57  0.14  72.37  2.58  14.63 -3.36  0  0  0  0 
11-Apr-2008  09:13:34 1.95  0.07  72.66  0.66  10.25 -2.25  0  1  0  0 
11-Apr-2008  09:13:35 2.19  0.19  67.20 -3.12  7.97  2.17  0  1  0  0 
11-Apr-2008  09:13:39 1.07  0.10  74.39  0.19  13.30 -3.45  0  0  0  0 
11-Apr-2008  09:13:50 0.82  0.08  73.16  0.58  8.89 -1.79  0  1  0  0 
11-Apr-2008  09:13:54 0.38  0.20  69.42  1.87  11.83 -2.15  0  0  0  0 
11-Apr-2008  09:13:56 0.49  0.19  68.50  1.43  13.83 -2.52  0  0  0  0 
11-Apr-2008  09:13:58 1.15  0.11  72.66  2.81  10.24 -2.19  0  0  0  0 
11-Apr-2008  09:14:00 2.49  0.25  70.57  1.81  11.34 -2.14  0  0  1  1 
11-Apr-2008  09:14:00 1.93  0.14  72.26  1.05  10.04 -2.08  0  0  1  0 
11-Apr-2008  09:14:00 1.89  0.08  72.53  0.57  14.49 -3.40  0  0  1  0 
11-Apr-2008  09:14:01 1.84  0.17  73.87  1.37  13.14 -3.28  0  0  1  0 
11-Apr-2008  09:14:01 1.36  0.09  73.11  0.83  12.89 -3.15  0  0  1  0 
11-Apr-2008  09:14:02 0.73  0.05  74.31  2.54  12.83 -3.36  0  0  0  0 
11-Apr-2008  09:14:02 1.24  0.07  73.54  0.83  13.84 -3.35  0  0  0  0 
11-Apr-2008  09:14:01 0.70  0.13  73.59  2.54  13.32 -3.10  0  0  0  0 
11-Apr-2008  09:14:02 0.86  0.12  74.33  0.79  9.32 -2.20  0  0  0  0 
11-Apr-2008  09:14:03 0.71  0.16  70.84  1.29  14.79 -3.17  0  0  0  0 
11-Apr-2008  09:14:04 1.05  0.12  74.30  0.83  11.22 -2.86  0  0  0  0 
11-Apr-2008  09:14:09 0.42  0.13  73.79  1.97  12.41 -3.11  0  0  0  0 
11-Apr-2008  09:14:12 0.43  0.06  74.29  1.92  12.31 -3.28  0  0  0  0 
11-Apr-2008  09:14:14 0.76  0.10  73.33  0.36  12.91 -3.20  0  0  0  0 
11-Apr-2008  09:14:20 3.56  0.47  38.21  0.29  7.58 -0.62  0  0  0  0 
11-Apr-2008  09:14:21 1.50  0.17  69.04  1.30  11.37 -2.22  0  0  0  0 
11-Apr-2008  09:14:21 1.80  0.14  71.51  1.99  8.70 -1.63  0  0  0  0 
11-Apr-2008  09:14:27 0.86  0.09  70.18  1.04  10.58 -1.88  0  0  0  0 
11-Apr-2008  09:14:29 2.43  0.11  70.02  0.87  13.13 -2.63  0  0  0  0 
11-Apr-2008  09:14:29 0.92  0.15  71.01  1.24  16.27 -3.71  0  0  0  0 
11-Apr-2008  09:14:31 0.52  0.14  71.70  1.39  12.94 -2.71  0  0  0  0 
11-Apr-2008  09:14:31 0.41  0.09  69.62  1.62  16.58 -3.64  0  0  0  0 
11-Apr-2008  09:14:31 1.15  0.11  68.18  2.75  14.57 -2.75  0  0  0  0 
11-Apr-2008  09:14:33 0.58  0.18  61.86  1.78  10.70 -1.37  0  0  0  0 
11-Apr-2008  09:14:34 0.56  0.16  68.51  2.80  14.64 -2.67  0  0  0  0 
11-Apr-2008  09:14:37 0.72  0.23  66.59  1.61  14.59 -2.81  0  0  0  0 
11-Apr-2008  09:14:37 0.74  0.16  67.86  0.58  17.55 -3.46  0  0  0  0 
11-Apr-2008  09:14:39 0.79  0.12  66.50  1.60  16.46 -3.17  0  0  0  0 
11-Apr-2008  09:14:39 0.81  0.16  73.30  0.60  9.68 -2.10  0  0  0  0 
11-Apr-2008  09:14:41 1.82  0.18  69.18  1.81  9.37 -1.65  0  0  0  0 
11-Apr-2008  09:14:42 2.81  0.66  44.71  2.96  4.27 -0.50  0  0  0  0 
11-Apr-2008  09:14:47 0.95  0.19  69.17  1.61  11.65 -2.13  0  0  0  0 
11-Apr-2008  09:14:49 1.28  0.22  70.47  1.11  11.11 -2.20  0  0  0  0 
11-Apr-2008  09:14:56 1.26  0.24  69.47  1.60  11.39 -2.13  0  1  0  0 
11-Apr-2008  09:14:59 0.72  0.09  68.82  1.55  17.41 -3.47  0  0  0  0 
11-Apr-2008  09:14:59 0.91  0.21  70.11  0.57  14.61 -3.16  0  0  0  0 
11-Apr-2008  09:15:00 0.92  0.09  71.54  1.65  14.21 -3.21  0  0  0  0 
11-Apr-2008  09:15:00 0.57  0.13  68.41  0.88  16.34 -3.25  0  0  0  0 
11-Apr-2008  09:14:59 8.37  0.48  66.41  2.92  7.78 -1.09  0  0  1  0 
11-Apr-2008  09:14:59 0.61  0.33  65.79  1.45  10.22 -1.54  0  0  1  0 
11-Apr-2008  09:15:00 1.76  0.33  63.75  0.84  15.89 -2.63  0  0  1  0 
11-Apr-2008  09:15:01 4.43  0.25  67.03  0.23  9.78 -1.61  0  0  1  0 
11-Apr-2008  09:15:02 0.89  0.05  74.71  0.51  11.84 -3.27  0  0  0  0 
11-Apr-2008  09:15:03 1.68  0.15  71.75  0.91  15.10 -3.39  0  0  0  0 
11-Apr-2008  09:15:06 7.37  0.50  70.04  1.74  8.45 -1.57  1  1  0  1 
11-Apr-2008  09:15:13 0.47  0.11  69.17  2.06  16.96 -3.18  0  0  0  0 
11-Apr-2008  09:15:18 0.76  0.06  80.14  1.89  7.73 -3.09  0  1  0  0 
11-Apr-2008  09:15:20 1.02  0.05  75.91  0.80  10.66 -3.13  0  1  0  1 
11-Apr-2008  09:15:27 1.39  0.10  69.86  0.54  8.85 -1.49  0  0  0  0 
11-Apr-2008  09:15:33 0.79  0.27  63.83  1.48  12.86 -2.22  0  0  0  0 
11-Apr-2008  09:15:34 1.44  0.24  68.52  0.51  16.59 -3.32  0  0  0  0 
11-Apr-2008  09:15:36 1.11  0.13  71.40  0.64  14.57 -3.31  0  0  0  0 
11-Apr-2008  09:15:38 0.82  0.11  70.18  0.59  16.01 -3.47  0  0  0  0 
11-Apr-2008  09:15:48 1.90  0.12  69.04  2.55  15.85 -3.43  0  0  0  0 
11-Apr-2008  09:15:50 2.26  0.16  71.24  1.13  10.65 -2.29  0  0  0  0 
11-Apr-2008  09:15:51 0.60  0.11  67.49  1.10  12.73 -2.18  0  0  0  0 
11-Apr-2008  09:15:52 1.12  0.12  69.11  0.91  11.26 -2.26  0  0  0  0 
11-Apr-2008  09:15:52 0.62  0.07  71.34  1.16  8.69 -1.76  0  0  0  0 
11-Apr-2008  09:15:56 0.63  0.08  70.25  1.04  10.91 -1.98  0  0  0  0 
11-Apr-2008  09:15:58 0.98  0.12  70.29  3.08  9.63 -1.67  0  0  0  0 
11-Apr-2008  09:15:59 0.34  0.12  65.79  1.11  10.43 -1.84  0  0  0  0 
11-Apr-2008  09:16:00 0.53  0.20  68.49  1.07  16.43 -3.55  0  0  0  0 
11-Apr-2008  09:16:04 0.74  0.21  70.26  1.80  12.11 -2.57  0  0  0  0 
11-Apr-2008  09:16:05 0.96  0.08  71.15  1.76  12.79 -2.74  0  0  0  0 
11-Apr-2008  09:16:06 0.56  0.10  70.91  0.94  11.80 -2.73  0  0  0  0 
11-Apr-2008  09:16:07 0.34  0.10  69.54  1.43  30.55 -6.62  0  0  0  0 
11-Apr-2008  09:16:08 0.67  0.08  75.59  2.82  12.52 -3.51  0  0  1  0 
11-Apr-2008  09:16:08 0.70  0.09  75.13  2.69  12.00 -3.30  0  0  0  0 
11-Apr-2008  09:16:12 0.42  0.15  66.78  2.32  12.84 -2.23  0  0  0  0 
11-Apr-2008  09:16:14 0.49  0.09  76.68  1.70  11.63 -3.38  0  0  0  0 
11-Apr-2008  09:16:18 0.59  0.17  71.04  1.83  15.00 -3.43  0  0  0  0 
11-Apr-2008  09:16:20 0.75  0.08  71.84  1.20  14.33 -3.32  0  0  0  0 
11-Apr-2008  09:16:25 1.11  0.10  71.71  0.78  9.93 -2.01  0  0  0  0 
11-Apr-2008  09:16:26 0.49  0.19  70.95  1.76  15.63 -3.39  0  0  0  0 
11-Apr-2008  09:16:27 0.84  0.29  69.19  1.20  16.48 -3.60  0  0  1  0 
11-Apr-2008  09:16:27 1.78  0.16  69.25  2.67  11.71 -2.33  0  0  1  1 
11-Apr-2008  09:16:30 1.43  0.13  69.82  0.71  11.38 -2.35  0  0  1  0 
11-Apr-2008  09:16:31 0.77  0.18  70.79  2.07  15.46 -3.47  0  0  0  0 
11-Apr-2008  09:16:30 0.58  0.20  69.05  2.35  15.78 -3.25  0  0  1  0 
11-Apr-2008  09:16:31 1.63  0.09  72.32  2.01  12.88 -3.02  0  0  1  0 
11-Apr-2008  09:16:32 0.70  0.22  73.36  2.30  14.09 -3.59  0  0  1  0 
11-Apr-2008  09:16:33 0.91  0.14  74.14  1.88  18.08 -5.00  0  0  0  0 
11-Apr-2008  09:16:34 1.04  0.38  64.60  0.47  19.25 -3.55  0  0  0  0 
11-Apr-2008  09:16:36 1.17  0.23  69.06  1.94  11.02 -2.22  0  0  0  0 
11-Apr-2008  09:16:39 0.64  0.12  76.03  1.97  11.59 -3.49  0  0  1  0 
11-Apr-2008  09:16:39 0.60  0.07  75.74  2.52  16.66 -5.04  0  0  1  0 
11-Apr-2008  09:16:40 0.71  0.24  67.47  0.97  20.33 -3.91  0  0  0  0 
11-Apr-2008  09:16:40 1.58  0.31  65.32  0.88  16.23 -3.00  0  0  0  1 
11-Apr-2008  09:16:42 0.73  0.16  71.96  0.74  13.91 -3.12  0  0  0  0 
11-Apr-2008  09:16:44 6.32  0.46  67.12  0.50  9.17 -1.38  1  0  0  0 
11-Apr-2008  09:16:46 0.87  0.13  72.58  1.23  14.80 -3.39  0  0  0  0 
11-Apr-2008  09:16:47 1.85  0.17  70.61  1.41  16.42 -3.57  0  0  0  0 
11-Apr-2008  09:16:56 0.95  0.25  68.32  0.46  15.88 -3.40  0  0  0  0 
11-Apr-2008  09:16:59 0.85  0.17  72.25  0.86  12.33 -3.03  0  0  0  0 
11-Apr-2008  09:17:01 1.15  0.17  67.22  0.61  17.46 -3.31  0  0  0  0 
11-Apr-2008  09:17:12 3.02  0.21  63.82  0.20  10.52 -1.52  0  0  0  0 
11-Apr-2008  09:17:13 1.21  0.13  69.08  0.78  16.68 -3.26  0  0  0  0 
11-Apr-2008  09:17:15 1.07  0.09  72.10  2.03  18.91 -4.60  0  0  0  0 
11-Apr-2008  09:17:18 1.17  0.22  71.14  1.83  9.19 -1.75  0  1  0  0 
11-Apr-2008  09:17:23 0.73  0.12  70.55  0.79  15.59 -3.52  0  1  0  0 
11-Apr-2008  09:17:24 1.05  0.15  69.05  2.64  16.48 -3.45  0  0  0  0 
11-Apr-2008  09:17:25 1.47  0.11  70.70  2.33  12.38 -2.68  0  1  0  0 
11-Apr-2008  09:17:27 1.25  0.30  67.87  2.45  15.45 -3.03  0  1  0  0 
11-Apr-2008  09:17:29 0.74  0.23  71.48  1.09  11.55 -2.44  0  1  0  0 
11-Apr-2008  09:17:30 0.66  0.17  70.07  1.41  15.96 -3.44  0  0  0  0 
11-Apr-2008  09:17:32 0.59  0.17  70.52  1.00  8.40 -1.55  0  0  0  0 
11-Apr-2008  09:17:40 0.53  0.11  72.06  2.28  14.84 -3.38  0  0  0  0 
11-Apr-2008  09:17:53 2.17  0.33  70.30  1.18  8.73 -1.68  0  1  0  1 
11-Apr-2008  09:17:55 0.38  0.15  71.15  1.78  13.34 -2.89  0  0  0  0 
11-Apr-2008  09:17:55 0.66  0.06  72.56  1.38  14.68 -3.33  0  0  0  0 
11-Apr-2008  09:17:56 1.09  0.05  70.27 -0.07  14.85 -3.19  0  0  0  0 
11-Apr-2008  09:18:01 1.08  0.18  70.75  1.97  11.61 -2.27  0  0  0  0 
11-Apr-2008  09:18:03 0.82  0.13  70.72  0.55  29.41 -6.91  0  0  0  0 
11-Apr-2008  09:18:04 0.65  0.10  67.81  1.28  17.07 -3.44  0  0  0  0 
11-Apr-2008  09:18:13 0.98  0.16  71.43  1.83  9.94 -1.98  0  0  0  0 
11-Apr-2008  09:18:18 0.47  0.37  68.87  1.42  16.92 -3.61  0  0  0  0 
11-Apr-2008  09:18:19 0.48  0.11  75.12  1.80  11.89 -3.37  0  0  0  0 
11-Apr-2008  09:18:34 1.03  0.15  70.16  0.46  9.66 -1.85  0  0  0  0 
11-Apr-2008  09:18:38 0.52  0.21  66.29  1.45  11.78 -2.00  0  0  0  0 
11-Apr-2008  09:18:39 0.74  0.08  71.85  1.11  15.82 -3.45  0  0  0  0 
11-Apr-2008  09:18:40 0.95  0.21  68.59  1.54  16.51 -3.31  0  0  0  0 
11-Apr-2008  09:18:42 0.82  0.12  73.27  1.66  10.96 -2.48  0  0  0  0 
11-Apr-2008  09:18:46 0.56  0.14  68.03  0.64  17.52 -3.39  0  0  0  0 
11-Apr-2008  09:18:49 0.74  0.06  73.87  1.45  12.98 -3.21  0  0  0  0 
11-Apr-2008  09:18:55 1.52  0.09  73.88  0.50  9.63 -2.26  0  0  0  0 
11-Apr-2008  09:18:58 0.52  0.09  71.92  2.09  14.13 -3.15  0  0  0  0 
11-Apr-2008  09:18:59 0.60  0.07  72.06  0.94  9.78 -1.84  0  0  0  0 
11-Apr-2008  09:19:02 0.78  0.08  71.48  1.68  11.30 -2.25  0  0  0  0 
11-Apr-2008  09:19:06 0.45  0.10  73.56  2.41  8.51 -1.73  0  1  0  0 
11-Apr-2008  09:19:14 0.42  0.06  73.98  2.04  9.84 -2.28  0  0  0  0 
11-Apr-2008  09:19:17 0.74  0.11  72.83  0.30  10.21 -2.28  0  0  0  0 
11-Apr-2008  09:19:32 7.03  1.02  41.52  1.46  15.50 -1.60  1  0  0  1 
11-Apr-2008  09:19:38 0.36  0.15  71.29  1.40  14.10 -2.86  0  0  0  0 
11-Apr-2008  09:19:45 1.59  0.10  68.64  1.19  14.59 -2.84  0  0  0  0 
11-Apr-2008  09:19:46 0.61  0.08  69.27  1.55  18.27 -3.72  0  0  0  0 
11-Apr-2008  09:19:49 1.74  0.13  71.74  1.68  16.24 -3.59  0  1  0  0 
11-Apr-2008  09:19:50 0.79  0.15  71.57  0.94  15.70 -3.51  0  0  0  0 
11-Apr-2008  09:19:55 0.64  0.18  68.40  1.84  20.90 -4.10  0  1  0  0 
