Floating wood at Chazey for flood on 20080407
Date Time Length(m) Diameter(m) Position(m) Angle(rad) Velocity(m/s) Rotation(rad/s) Roots(1/0) Branches(1/0) Grouped(1/0) PartSubmerged(1/0)
12-Apr-2008  09:05:06 1.11  0.08  74.90  2.08  15.23 -1.58  0  0  0  0 
12-Apr-2008  09:05:07 0.88  0.06  75.19  1.32  19.73 -2.27  0  0  0  0 
12-Apr-2008  09:05:09 0.49  0.10  75.99  1.17  11.40 -1.15  0  0  0  0 
12-Apr-2008  09:05:09 0.95  0.11  75.75  1.04  14.68 -1.48  0  0  0  0 
12-Apr-2008  09:05:10 0.45  0.08  77.91  1.07  16.57 -2.17  0  0  0  0 
12-Apr-2008  09:05:13 0.46  0.05  77.94  0.89  17.07 -2.34  0  0  0  0 
12-Apr-2008  09:05:13 0.43  0.08  78.19  1.16  16.72 -2.36  0  0  0  0 
12-Apr-2008  09:05:14 0.47  0.04  77.59  1.58  11.79 -1.54  0  0  0  0 
12-Apr-2008  09:05:15 1.32  0.14  76.90  1.95  13.30 -1.59  0  1  0  1 
12-Apr-2008  09:05:15 0.53  0.07  79.04  0.96  15.56 -2.31  0  1  0  0 
12-Apr-2008  09:05:31 0.96  0.05  77.18  1.93  13.73 -1.60  0  0  0  0 
12-Apr-2008  09:05:36 0.43  0.05  76.82  2.16  18.72 -2.28  0  0  0  0 
12-Apr-2008  09:05:44 0.84  0.04  73.57  0.34  16.53 -1.54  0  0  0  0 
12-Apr-2008  09:05:45 0.43  0.11  74.27  1.75  9.91 -0.93  0  0  0  0 
12-Apr-2008  09:05:48 0.75  0.12  73.54  1.15  16.38 -1.57  0  0  0  0 
12-Apr-2008  09:06:00 1.33  0.16  72.46  0.67  12.95 -1.14  0  0  0  0 
12-Apr-2008  09:06:12 0.30  0.05  76.52  1.99  13.86 -1.69  0  0  0  0 
12-Apr-2008  09:06:12 1.27  0.05  74.50  1.21  12.72 -1.18  0  0  0  0 
12-Apr-2008  09:06:12 0.36  0.06  74.56  1.84  15.78 -1.52  0  0  0  0 
12-Apr-2008  09:06:18 2.53  0.17  77.58  0.92  12.09 -1.49  1  1  1  1 
12-Apr-2008  09:06:18 1.96  0.12  77.68  1.04  12.49 -1.60  0  1  1  1 
12-Apr-2008  09:06:19 0.42  0.06  76.50  0.82  20.49 -2.46  0  0  0  0 
12-Apr-2008  09:06:20 0.64  0.08  73.66  1.10  17.08 -1.72  0  0  0  0 
12-Apr-2008  09:06:21 0.61  0.09  76.42  1.21  14.62 -1.69  0  0  1  0 
12-Apr-2008  09:06:21 0.62  0.04  77.21  1.49  20.10 -2.48  0  0  1  0 
12-Apr-2008  09:06:23 2.04  0.13  77.08  1.59  19.53 -2.42  1  1  1  0 
12-Apr-2008  09:06:23 1.53  0.14  77.36  1.79  19.42 -2.47  1  1  1  0 
12-Apr-2008  09:06:24 0.64  0.10  76.42  1.00  11.42 -1.21  0  0  0  0 
12-Apr-2008  09:06:27 0.78  0.13  73.73  1.56  13.55 -1.36  0  0  0  0 
12-Apr-2008  09:06:30 0.72  0.09  71.30  0.84  18.63 -1.62  0  0  0  0 
12-Apr-2008  09:06:39 0.57  0.06  73.73  1.08  13.02 -1.19  0  0  0  0 
12-Apr-2008  09:06:41 0.74  0.07  75.53  2.29  9.08 -0.84  0  0  0  0 
12-Apr-2008  09:06:52 0.73  0.05  76.12  1.06  11.12 -1.16  0  0  0  0 
12-Apr-2008  09:07:10 0.52  0.05  76.93  1.19  13.44 -1.53  0  0  0  0 
12-Apr-2008  09:07:28 0.25  0.04  81.47  1.88  13.57 -2.36  0  0  0  0 
12-Apr-2008  09:07:36 0.71  0.11  74.13  1.38  15.84 -1.46  0  0  0  0 
12-Apr-2008  09:07:36 0.26  0.05  81.73  1.58  25.30 -3.24  0  0  0  0 
12-Apr-2008  09:07:37 0.38  0.04  80.97  1.15  7.61 -1.16  0  0  0  0 
12-Apr-2008  09:07:54 0.75  0.05  79.33  0.81  8.72 -1.18  0  0  0  0 
12-Apr-2008  09:08:31 1.95  0.12  75.12  2.07  10.17 -0.98  0  0  0  0 
12-Apr-2008  09:08:32 0.28  0.08  76.73  1.05  14.55 -1.49  0  0  0  0 
12-Apr-2008  09:08:41 0.79  0.12  73.57  1.39  15.35 -1.43  0  0  0  0 
12-Apr-2008  09:08:53 0.62  0.04  81.22  1.81  7.12 -1.17  0  0  0  0 
12-Apr-2008  09:09:22 0.66  0.08  72.18  0.84  11.18 -0.93  0  0  0  0 
12-Apr-2008  09:09:37 0.60  0.08  76.89  2.62  13.27 -1.50  0  1  0  1 
12-Apr-2008  09:09:40 0.47  0.03  78.74  1.80  16.63 -2.39  0  0  0  0 
12-Apr-2008  09:09:49 0.32  0.06  76.78  2.46  20.53 -2.47  0  0  0  0 
12-Apr-2008  09:09:51 0.99  0.03  78.44  1.27  12.86 -1.70  0  0  0  0 
12-Apr-2008  09:09:59 0.43  0.12  81.48  2.37  12.96 -2.20  0  0  0  0 
12-Apr-2008  09:10:01 1.98  0.05  75.77  1.25  11.45 -1.18  0  1  0  0 
12-Apr-2008  09:10:11 0.67  0.11  81.39  2.26  9.37 -1.56  0  0  0  0 
12-Apr-2008  09:10:30 0.87  0.09  76.59  1.65  11.26 -1.22  0  0  0  0 
12-Apr-2008  09:10:31 0.51  0.13  73.11  1.65  14.05 -1.19  0  0  0  0 
12-Apr-2008  09:10:42 0.55  0.04  77.95  0.71  12.36 -1.50  0  0  0  0 
12-Apr-2008  09:10:46 0.25  0.06  73.60  1.39  16.62 -1.63  0  0  0  0 
12-Apr-2008  09:10:58 0.85  0.05  76.29  1.73  9.53 -0.93  0  1  0  0 
12-Apr-2008  09:11:02 0.45  0.07  73.64  0.82  13.55 -1.16  0  0  0  0 
12-Apr-2008  09:11:02 0.50  0.02  81.57  0.93  14.24 -2.50  0  0  0  0 
12-Apr-2008  09:11:05 1.62  0.05  76.14  1.37  14.38 -1.65  0  0  0  0 
12-Apr-2008  09:11:25 0.43  0.02  74.44  0.51  23.13 -2.49  0  0  0  0 
12-Apr-2008  09:11:42 0.88  0.09  76.42  1.45  13.74 -1.57  0  0  0  0 
12-Apr-2008  09:11:47 0.60  0.02  80.51  0.93  7.93 -1.18  0  0  0  0 
12-Apr-2008  09:11:51 0.60  0.03  81.64  1.49  13.61 -1.90  0  0  0  0 
12-Apr-2008  09:11:56 1.49  0.05  74.79  1.05  15.38 -1.56  0  0  0  0 
12-Apr-2008  09:12:08 1.78  0.15  71.80  1.01  14.12 -1.18  0  0  0  0 
12-Apr-2008  09:12:44 2.38  0.13  74.61  0.69  12.45 -1.17  0  0  0  0 
12-Apr-2008  09:12:56 0.83  0.10  69.61  1.56  19.58 -1.60  0  0  0  0 
12-Apr-2008  09:13:01 0.29  0.06  73.31  1.18  13.69 -1.12  0  0  0  0 
12-Apr-2008  09:13:12 0.78  0.05  80.00  1.69  8.48 -1.28  0  0  0  0 
12-Apr-2008  09:13:14 0.70  0.05  81.65  1.22  13.80 -2.08  0  0  0  0 
12-Apr-2008  09:13:16 1.89  0.12  75.90  0.75  9.90 -0.94  0  1  0  1 
12-Apr-2008  09:13:47 0.21  0.02  81.52  1.05  13.56 -2.27  0  0  0  0 
12-Apr-2008  09:13:52 0.76  0.08  71.98  0.92  13.87 -1.16  0  0  0  0 
12-Apr-2008  09:13:52 0.11  0.03  81.26  2.19  14.50 -2.35  0  0  0  0 
12-Apr-2008  09:14:05 0.38  0.05  75.83  0.86  21.01 -2.20  0  0  0  0 
12-Apr-2008  09:14:36 0.95  0.24  63.92  0.52  12.96 -0.84  0  0  0  0 
12-Apr-2008  09:14:56 0.53  0.05  74.53  1.48  10.38 -0.97  0  0  0  0 
12-Apr-2008  09:15:00 1.00  0.06  75.51  1.55  20.92 -2.36  0  0  0  0 
12-Apr-2008  09:15:01 0.32  0.05  79.97  2.20  10.60 -1.66  0  0  0  0 
12-Apr-2008  09:15:02 0.52  0.07  71.61  1.56  11.59 -1.08  0  0  0  0 
12-Apr-2008  09:15:02 0.38  0.08  72.75  1.21  17.26 -1.87  0  0  0  0 
12-Apr-2008  09:15:03 0.80  0.18  70.42  1.76  8.72 -0.64  0  0  0  0 
12-Apr-2008  09:15:18 1.07  0.09  71.47  0.90  9.72 -0.73  0  0  0  0 
12-Apr-2008  09:15:33 0.27  0.14  73.80  1.91  16.47 -1.57  0  0  0  0 
12-Apr-2008  09:15:55 0.87  0.12  68.64  2.06  16.17 -1.28  0  0  0  0 
12-Apr-2008  09:16:17 0.57  0.09  72.46  1.92  14.28 -1.21  0  0  0  0 
12-Apr-2008  09:17:08 0.55  0.06  76.58  2.09  19.41 -2.38  0  0  0  0 
12-Apr-2008  09:17:08 1.43  0.07  73.17  1.36  23.49 -2.42  0  0  0  0 
12-Apr-2008  09:17:55 0.78  0.06  79.09  0.90  9.85 -1.24  0  0  0  0 
12-Apr-2008  09:18:10 0.59  0.02  81.54  2.85  14.29 -2.44  0  0  0  0 
12-Apr-2008  09:18:17 10.34  0.40  73.91  0.97  12.38 -1.22  0  0  0  0 
12-Apr-2008  09:18:24 1.37  0.22  67.00  1.64  11.08 -0.73  0  0  0  0 
12-Apr-2008  09:18:26 0.32  0.08  73.24  1.62  24.67 -2.49  0  1  0  0 
12-Apr-2008  09:18:29 0.65  0.05  78.23  0.79  33.71 -4.73  0  0  0  0 
12-Apr-2008  09:18:31 5.51  0.54  73.65  1.19  23.65 -2.44  1  1  1  1 
12-Apr-2008  09:18:31 4.59  0.38  72.39  1.58  17.77 -1.61  1  1  1  1 
12-Apr-2008  09:18:31 2.25  0.12  74.78  1.09  22.78 -2.51  1  1  1  1 
12-Apr-2008  09:18:32 1.14  0.13  75.57  1.89  20.53 -2.30  0  0  1  1 
12-Apr-2008  09:18:33 1.20  0.14  73.99  1.07  21.96 -2.39  0  1  0  0 
12-Apr-2008  09:18:36 0.86  0.10  75.72  1.13  11.47 -1.25  0  1  0  0 
12-Apr-2008  09:18:39 0.50  0.06  75.68  1.62  21.04 -2.38  0  1  0  1 
12-Apr-2008  09:18:40 1.09  0.13  74.66  1.33  45.78 -5.10  0  1  0  0 
12-Apr-2008  09:18:41 1.64  0.09  74.25  0.66  13.34 -1.24  0  1  0  0 
12-Apr-2008  09:18:44 1.46  0.09  73.51  0.48  12.90 -1.21  0  0  0  0 
12-Apr-2008  09:18:44 3.44  0.20  75.01 -3.00  10.03  3.87  0  0  0  0 
12-Apr-2008  09:18:45 0.54  0.08  77.73  1.20  17.83 -2.37  0  0  0  0 
12-Apr-2008  09:18:45 1.73  0.12  74.48  1.11  15.57 -1.55  0  0  1  0 
12-Apr-2008  09:18:45 0.85  0.08  75.45  0.77  21.07 -2.31  0  0  0  0 
12-Apr-2008  09:18:46 1.37  0.16  70.60  0.35  26.75 -2.33  0  0  0  0 
12-Apr-2008  09:18:47 0.74  0.13  73.40  1.06  12.95 -1.17  0  0  0  0 
12-Apr-2008  09:18:49 0.69  0.08  73.56  1.10  17.40 -1.68  0  1  0  0 
12-Apr-2008  09:18:49 0.67  0.17  72.61  0.95  18.07 -1.71  0  1  0  0 
12-Apr-2008  09:18:50 2.47  0.18  72.06  0.83  18.38 -1.67  0  0  0  1 
12-Apr-2008  09:18:52 1.04  0.10  72.65  0.48  25.23 -2.56  0  1  0  1 
12-Apr-2008  09:18:52 0.68  0.08  71.66  1.30  53.14 -5.33  0  0  0  0 
12-Apr-2008  09:18:54 0.72  0.06  73.90  1.48  12.87 -1.24  0  0  0  0 
12-Apr-2008  09:18:57 0.68  0.12  73.89  1.56  12.50 -1.20  0  0  0  0 
12-Apr-2008  09:18:59 0.85  0.10  74.93  0.84  21.94 -2.52  0  0  0  0 
12-Apr-2008  09:19:02 6.79  0.32  76.38  1.06  10.92 -1.19  0  0  1  0 
12-Apr-2008  09:19:02 9.05  0.31  77.12  0.69  18.74 -2.39  0  0  1  0 
12-Apr-2008  09:19:05 0.39  0.04  77.44  1.08  10.93 -1.26  0  0  0  0 
12-Apr-2008  09:19:08 0.73  0.09  72.50  0.65  14.66 -1.29  0  0  0  0 
12-Apr-2008  09:19:11 0.41  0.02  81.46  0.38  14.98 -2.71  0  0  0  0 
12-Apr-2008  09:19:12 1.02  0.04  74.46  0.21  13.60 -1.30  0  0  0  0 
12-Apr-2008  09:19:19 0.42  0.11  69.70  1.20  28.67 -2.38  0  0  0  0 
12-Apr-2008  09:19:20 0.54  0.06  76.63  2.10  14.64 -1.76  0  0  0  0 
12-Apr-2008  09:19:23 0.66  0.04  78.12  0.30  10.33 -1.23  0  1  0  0 
12-Apr-2008  09:19:25 0.90  0.13  74.40  2.27  8.60 -0.73  0  0  0  0 
12-Apr-2008  09:19:34 2.77  0.22  71.31  0.74  10.84 -0.86  0  0  0  0 
12-Apr-2008  09:19:35 2.06  0.05  72.61  0.10  13.80 -1.22  0  0  0  0 
12-Apr-2008  09:19:36 0.46  0.03  76.24  0.15  11.30 -1.18  0  0  0  0 
12-Apr-2008  09:19:46 0.75  0.11  74.72  0.96  13.02 -1.21  0  0  0  0 
12-Apr-2008  09:19:49 1.37  0.07  74.05  0.51  12.54 -1.20  0  0  0  0 
12-Apr-2008  09:19:57 0.29  0.03  81.31  2.93  29.87 -5.24  0  0  0  0 
