Floating wood at Chazey for flood on 20080407
Date Time Length(m) Diameter(m) Position(m) Angle(rad) Velocity(m/s) Rotation(rad/s) Roots(1/0) Branches(1/0) Grouped(1/0) PartSubmerged(1/0)
12-Apr-2008  15:05:46 0.47  0.14  72.66  1.69  15.03 -1.60  0  0  0  0 
12-Apr-2008  15:05:57 0.74  0.11  74.09  1.06  14.75 -1.38  0  0  0  0 
12-Apr-2008  15:05:59 0.94  0.17  71.86  1.04  42.98 -4.02  0  0  0  0 
12-Apr-2008  15:06:13 0.99  0.10  72.64  0.49  21.14 -2.06  0  0  0  0 
12-Apr-2008  15:07:03 0.87  0.05  72.02  0.02  15.92 -1.34  0  0  0  0 
12-Apr-2008  15:07:24 0.78  0.13  69.62  2.22  10.76 -0.75  0  0  0  0 
12-Apr-2008  15:07:28 0.75  0.10  75.30  1.01  12.66 -1.33  0  0  0  0 
12-Apr-2008  15:08:17 0.44  0.03  77.80  1.17  7.18 -0.84  0  0  0  0 
12-Apr-2008  15:08:22 3.17  0.06  73.80  1.28  10.64 -1.00  0  0  0  1 
12-Apr-2008  15:08:49 0.54  0.14  72.13  1.52  12.39 -1.02  0  0  0  0 
12-Apr-2008  15:09:26 3.88  0.15  73.09  0.56  8.23 -0.69  0  0  0  0 
12-Apr-2008  15:09:36 0.96  0.11  74.67  0.86  10.97 -1.00  0  0  0  0 
12-Apr-2008  15:10:04 0.41  0.09  72.10  0.80  20.07 -1.88  0  0  0  0 
12-Apr-2008  15:10:10 0.61  0.06  75.29  1.20  9.86 -1.02  0  0  0  0 
12-Apr-2008  15:10:53 1.60  0.12  74.42  1.15  17.30 -1.93  0  0  0  1 
12-Apr-2008  15:12:02 0.87  0.10  74.29  0.44  20.23 -2.19  0  0  0  0 
12-Apr-2008  15:13:32 0.66  0.10  68.93  2.77  9.76 -0.66  0  0  0  0 
12-Apr-2008  15:13:58 0.32  0.06  73.28  1.75  11.30 -0.95  0  0  0  0 
12-Apr-2008  15:14:00 0.32  0.10  74.47  1.51  9.29 -0.87  0  0  0  0 
12-Apr-2008  15:14:17 1.99  0.15  69.54  0.55  9.93 -0.66  0  0  0  0 
12-Apr-2008  15:14:37 0.63  0.08  73.44  1.28  36.34 -4.07  0  0  0  0 
12-Apr-2008  15:14:42 0.65  0.11  69.64  0.88  11.12 -0.78  0  0  0  0 
12-Apr-2008  15:15:07 0.40  0.07  73.71  1.06  13.17 -1.23  0  0  0  0 
12-Apr-2008  15:15:11 0.34  0.06  73.43  1.56  8.02 -0.58  0  0  0  0 
12-Apr-2008  15:15:37 0.77  0.07  72.24  1.31  12.05 -1.04  0  0  0  0 
12-Apr-2008  15:17:41 0.84  0.19  69.06  1.54  13.60 -0.93  0  0  0  0 
12-Apr-2008  15:17:59 1.95  0.13  74.60  2.97  9.61 -0.97  1  0  0  0 
12-Apr-2008  15:18:28 0.65  0.10  71.98  0.58  20.68 -1.92  0  0  0  0 
12-Apr-2008  15:18:58 0.93  0.15  71.93  1.67  9.87 -0.76  0  0  0  0 
12-Apr-2008  15:19:08 0.66  0.16  70.77  2.84  12.33 -0.97  0  0  0  0 
12-Apr-2008  15:19:26 0.54  0.07  72.67  1.50  11.60 -0.95  0  0  0  0 
12-Apr-2008  15:19:32 0.82  0.10  72.70  2.35  11.52 -0.98  0  0  0  0 
