Floating wood at Chazey for flood on 20071122
Date Time Length(m) Diameter(m) Position(m) Angle(rad) Velocity(m/s) Rotation(rad/s) Roots(1/0) Branches(1/0) Grouped(1/0) PartSubmerged(1/0)
23-Nov-2007  09:56:46 1.92  0.08  72.05  0.60  6.49  1.92  0  0  0  0 
23-Nov-2007  09:56:53 0.53  0.10  71.93  2.59  11.02 -6.53  0  0  0  0 
23-Nov-2007  09:56:54 0.60  0.14  72.99  0.72  10.13  3.87  0  0  0  0 
23-Nov-2007  09:56:54 1.75  0.13  73.06  0.74  7.02  2.34  0  1  0  1 
23-Nov-2007  09:57:00 1.22  0.23  65.46  1.43  6.25 -2.22  0  0  0  0 
23-Nov-2007  09:57:03 3.44  0.18  70.91  0.73  11.51  3.71  0  1  1  0 
23-Nov-2007  09:57:02 1.97  0.13  71.15  0.96  8.35 -4.04  1  0  1  1 
23-Nov-2007  09:57:20 0.78  0.03  69.73  1.78  6.99 -3.29  0  0  0  0 
23-Nov-2007  09:57:24 0.64  0.21  69.01  2.59  6.45 -2.45  0  0  0  0 
23-Nov-2007  09:57:34 0.93  0.10  71.70  0.85  8.50  2.86  0  0  0  0 
23-Nov-2007  09:57:35 0.80  0.06  73.23  1.14  8.06 -4.94  0  0  0  0 
23-Nov-2007  09:57:36 0.31  0.07  74.27  1.70  13.42 -9.95  0  0  0  0 
23-Nov-2007  09:57:40 0.58  0.09  74.02  0.35  9.25  3.81  0  0  0  1 
23-Nov-2007  09:57:44 0.69  0.16  60.77  1.02  6.72 -2.25  0  0  0  0 
23-Nov-2007  09:57:55 2.64  0.22  71.01  2.17  6.68 -3.33  0  0  0  0 
23-Nov-2007  09:58:01 0.92  0.07  70.95  1.01  6.05 -2.82  0  0  0  0 
23-Nov-2007  09:58:11 1.45  0.18  68.08  1.16  6.05 -2.47  0  0  0  0 
23-Nov-2007  09:58:19 0.77  0.09  71.97  0.34  32.50  12.80  0  0  0  0 
23-Nov-2007  09:58:20 2.84  0.14  70.78  1.56  7.83 -3.97  0  0  0  0 
23-Nov-2007  09:58:26 0.78  0.10  69.63  0.76  9.60 -4.87  0  0  0  0 
23-Nov-2007  09:58:44 1.29  0.10  74.11  1.03  9.45 -6.60  0  0  0  0 
23-Nov-2007  09:58:45 1.10  0.08  70.41  0.67  11.55  3.86  0  0  0  0 
23-Nov-2007  09:58:49 0.76  0.08  70.48  1.66  7.02 -3.26  0  0  0  0 
23-Nov-2007  09:58:55 1.48  0.20  68.70  1.84  10.53 -5.01  0  0  0  0 
23-Nov-2007  09:59:06 3.67  0.15  71.55  1.77  29.94 -19.87  0  0  0  0 
23-Nov-2007  09:59:06 0.45  0.12  73.55  1.36  13.76 -9.99  0  0  0  0 
23-Nov-2007  09:59:06 1.26  0.05  71.89  0.19  10.71  3.83  0  0  0  0 
23-Nov-2007  09:59:12 1.16  0.15  69.50  1.51  9.70 -4.79  0  0  0  0 
23-Nov-2007  09:59:24 0.49  0.07  74.83 -2.87  6.65  2.31  0  0  0  0 
23-Nov-2007  09:59:25 0.50  0.04  77.23  1.56  22.05 -19.76  0  0  0  0 
23-Nov-2007  09:59:28 1.51  0.08  72.10  1.94  5.54 -2.45  0  0  0  0 
23-Nov-2007  09:59:31 1.47  0.09  74.42  1.03  6.67 -3.92  0  0  0  0 
23-Nov-2007  09:59:33 0.78  0.15  69.61  0.92  7.31 -3.38  0  0  0  0 
23-Nov-2007  09:59:35 1.09  0.06  75.79  0.67  4.77  1.66  0  0  0  0 
23-Nov-2007  09:59:38 4.86  0.27  62.51  0.37  8.58  1.90  0  0  0  0 
23-Nov-2007  09:59:47 0.71  0.12  67.51  0.98  7.71 -3.35  0  0  0  0 
23-Nov-2007  09:59:56 0.85  0.11  72.48  1.49  7.81 -4.03  0  0  0  0 
23-Nov-2007  10:00:04 0.61  0.09  72.16  0.73  10.84  3.95  0  0  0  0 
23-Nov-2007  10:00:11 1.52  0.09  72.95  0.68  9.99  3.98  0  0  0  0 
23-Nov-2007  10:00:40 1.80  0.10  71.42  0.62  5.85  1.43  0  0  0  0 
23-Nov-2007  10:00:44 0.48  0.10  69.39  1.07  7.37 -3.35  0  0  0  0 
23-Nov-2007  10:00:49 3.85  0.22  69.40  0.57  6.07  1.45  0  0  0  0 
23-Nov-2007  10:01:07 0.88  0.09  71.05  0.68  8.30  2.82  0  0  0  0 
23-Nov-2007  10:01:08 0.61  0.11  74.40  0.75  13.46  5.86  0  0  0  0 
23-Nov-2007  10:01:15 0.78  0.11  70.33  0.29  9.37  2.94  0  0  0  0 
23-Nov-2007  10:01:22 1.37  0.11  71.79  0.36  8.48  2.86  0  1  0  1 
23-Nov-2007  10:01:24 1.06  0.15  72.65  1.21  5.88 -2.48  0  0  0  0 
23-Nov-2007  10:01:38 0.36  0.16  70.83  0.98  7.61 -4.08  0  0  0  0 
23-Nov-2007  10:01:41 0.61  0.08  69.35  1.13  7.29 -3.32  0  0  0  0 
23-Nov-2007  10:01:55 0.69  0.12  71.93  1.28  6.09 -2.82  0  0  0  0 
23-Nov-2007  10:02:01 0.37  0.04  75.30  0.99  6.29 -3.95  0  0  0  0 
23-Nov-2007  10:02:01 0.32  0.06  73.35  2.09  5.73 -2.89  0  0  0  0 
23-Nov-2007  10:02:13 0.84  0.17  71.53  0.64  8.36  2.85  0  0  0  0 
23-Nov-2007  10:02:16 2.19  0.13  72.36  1.28  10.29 -6.58  0  1  0  0 
23-Nov-2007  10:02:25 0.32  0.09  76.99  2.38  8.24 -6.89  0  0  0  0 
23-Nov-2007  10:02:26 1.06  0.04  76.40  0.49  5.69  2.32  0  0  0  0 
23-Nov-2007  10:02:26 0.96  0.13  71.91  2.83  7.12 -3.94  0  1  0  0 
23-Nov-2007  10:02:26 0.85  0.08  68.14  0.62  6.56  1.62  0  0  0  0 
23-Nov-2007  10:02:29 0.81  0.05  67.56  0.72  12.70  3.78  0  0  0  0 
23-Nov-2007  10:02:39 1.49  0.24  69.13  1.39  9.10 -4.91  0  0  0  0 
23-Nov-2007  10:02:41 0.52  0.06  76.09  0.62  5.77  2.24  0  0  1  0 
23-Nov-2007  10:02:41 0.44  0.08  76.07  2.58  8.43 -6.49  0  0  1  0 
23-Nov-2007  10:02:43 0.50  0.00  72.25  0.99  10.51 -6.54  0  0  0  0 
23-Nov-2007  10:02:49 2.03  0.16  72.78  2.34  14.52 -9.44  0  1  0  1 
23-Nov-2007  10:02:49 1.14  0.17  71.93  2.28  28.98 -19.97  0  1  0  1 
23-Nov-2007  10:02:51 1.04  0.06  73.77  0.71  14.69  6.00  0  0  1  0 
23-Nov-2007  10:03:02 0.83  0.09  71.56  0.98  7.59 -4.06  0  0  0  0 
23-Nov-2007  10:03:07 0.58  0.05  74.75  0.95  7.49 -4.99  0  0  0  0 
23-Nov-2007  10:03:09 0.95  0.04  75.24  1.12  9.61 -6.75  0  0  0  0 
23-Nov-2007  10:03:11 1.10  0.17  68.55  0.32  16.13  5.44  0  0  0  0 
23-Nov-2007  10:03:23 1.21  0.09  71.35 -3.10  6.21  1.45  0  0  0  0 
23-Nov-2007  10:03:36 0.43  0.11  73.83  1.35  6.33 -3.92  0  0  0  0 
23-Nov-2007  10:03:39 0.48  0.06  73.72  0.64  7.80  2.93  0  0  0  0 
23-Nov-2007  10:03:40 0.74  0.08  72.30  2.08  7.04 -3.34  0  0  0  0 
23-Nov-2007  10:03:48 0.85  0.11  69.55  0.68  7.87  2.29  0  0  0  0 
23-Nov-2007  10:03:51 1.00  0.11  70.78  0.72  7.97  2.27  0  0  0  0 
23-Nov-2007  10:03:52 2.58  0.14  69.87  0.56  6.76  1.63  0  1  0  1 
23-Nov-2007  10:04:15 0.59  0.04  72.00  2.62  6.59 -2.86  0  0  0  0 
23-Nov-2007  10:04:19 0.92  0.12  72.88  0.72  5.69  1.65  0  0  0  0 
23-Nov-2007  10:04:21 0.88  0.10  69.89  0.63  6.79  1.93  0  0  0  0 
23-Nov-2007  10:04:29 0.77  0.18  68.02  2.45  7.48 -3.30  0  0  0  0 
23-Nov-2007  10:04:34 0.36  0.08  71.14  1.38  10.72 -6.65  0  0  0  0 
23-Nov-2007  10:04:36 0.51  0.06  73.51  1.47  9.53 -6.47  0  0  0  0 
23-Nov-2007  10:04:38 0.60  0.05  74.10  0.91  7.48 -4.85  0  0  0  0 
23-Nov-2007  10:04:41 0.56  0.10  69.34  2.13  8.28 -3.94  0  0  0  0 
23-Nov-2007  10:04:48 0.87  0.07  71.07  1.15  7.81 -3.89  0  0  0  0 
23-Nov-2007  10:04:54 2.01  0.07  66.69  3.01  6.99 -2.84  0  0  0  0 
23-Nov-2007  10:04:55 1.06  0.05  70.39  0.21  6.32  1.41  0  0  0  0 
23-Nov-2007  10:04:59 0.78  0.11  72.87  0.95  6.16 -3.29  0  0  0  0 
23-Nov-2007  10:05:00 0.99  0.10  70.11  2.48  7.42 -3.33  0  0  0  0 
23-Nov-2007  10:05:12 0.98  0.05  74.31  1.51  13.56 -10.30  0  1  1  1 
23-Nov-2007  10:05:17 0.65  0.10  72.82  2.10  10.50 -6.63  0  0  0  0 
23-Nov-2007  10:05:32 1.84  0.14  71.27  1.74  6.46 -3.30  0  1  0  0 
23-Nov-2007  10:05:36 1.46  0.05  70.22  0.20  7.69  2.28  0  0  0  0 
23-Nov-2007  10:05:40 0.91  0.06  73.24  1.23  13.37 -9.44  0  0  0  0 
23-Nov-2007  10:05:45 0.57  0.07  71.52  1.50  10.45 -6.84  0  0  0  0 
23-Nov-2007  10:05:49 0.56  0.04  74.42  0.96  4.75 -2.18  0  0  0  0 
23-Nov-2007  10:05:53 2.77  0.14  70.57  2.79  9.03 -4.85  0  0  0  0 
23-Nov-2007  10:06:00 0.97  0.07  74.14  0.77  13.27  5.67  0  0  0  0 
23-Nov-2007  10:06:02 0.80  0.26  69.48 -3.09  6.67  1.65  0  0  0  0 
23-Nov-2007  10:06:11 0.80  0.18  68.84  1.07  10.82 -6.41  0  1  0  1 
23-Nov-2007  10:06:11 0.64  0.08  69.46  1.50  8.62 -4.06  0  0  0  0 
23-Nov-2007  10:06:18 2.19  0.15  71.74  0.83  7.52  2.29  0  0  0  0 
23-Nov-2007  10:06:19 0.71  0.14  70.02  1.19  8.55 -3.88  0  0  0  0 
23-Nov-2007  10:06:19 1.28  0.15  75.41  1.55  3.69 -1.65  0  1  0  0 
23-Nov-2007  10:06:23 0.98  0.13  68.28  2.26  5.88 -2.21  0  0  0  0 
23-Nov-2007  10:06:25 1.37  0.17  70.14  1.69  7.80 -3.88  0  0  0  0 
23-Nov-2007  10:06:39 1.06  0.28  58.29  2.53  7.93 -2.89  0  0  0  0 
23-Nov-2007  10:06:39 1.26  0.08  68.46  0.55  6.19  1.45  0  0  0  0 
23-Nov-2007  10:06:41 0.44  0.07  72.58  1.00  6.47 -3.27  0  0  0  0 
23-Nov-2007  10:06:49 1.23  0.08  70.74  0.97  7.75 -3.95  0  0  0  0 
23-Nov-2007  10:06:49 0.58  0.10  72.70  2.61  8.37 -4.96  0  0  0  0 
23-Nov-2007  10:06:52 0.71  0.08  73.51  0.55  9.72  3.89  0  0  0  0 
23-Nov-2007  10:06:52 0.68  0.07  71.61  1.18  7.52 -3.94  0  0  0  0 
23-Nov-2007  10:06:54 0.51  0.10  70.44  0.91  8.77 -4.92  0  0  0  0 
23-Nov-2007  10:06:57 0.99  0.09  72.73  0.89  14.23 -9.63  0  0  0  0 
23-Nov-2007  10:07:01 0.43  0.05  74.12  1.35  7.75 -4.99  0  0  0  0 
23-Nov-2007  10:07:02 0.52  0.17  74.77 -0.04  8.67  3.80  0  0  0  0 
23-Nov-2007  10:07:03 0.79  0.07  71.60  1.29  10.92 -6.75  0  0  0  0 
23-Nov-2007  10:07:07 0.54  0.10  69.95  1.81  8.35 -3.80  0  0  0  0 
23-Nov-2007  10:07:28 0.44  0.10  73.98  1.35  7.48 -4.87  0  0  0  0 
23-Nov-2007  10:07:34 0.60  0.12  70.92  1.57  30.62 -19.90  0  0  0  0 
23-Nov-2007  10:07:44 2.03  0.16  68.81  1.00  6.27 -2.47  0  0  0  0 
23-Nov-2007  10:07:50 0.92  0.15  71.35  1.87  6.99 -3.29  0  0  0  0 
23-Nov-2007  10:07:52 1.92  0.13  73.54  0.62  6.53  1.93  0  0  1  1 
23-Nov-2007  10:07:52 1.09  0.13  74.33  1.34  6.83 -3.95  0  0  1  1 
23-Nov-2007  10:07:53 1.80  0.24  73.85  1.78  6.81 -3.93  0  1  1  1 
23-Nov-2007  10:07:54 3.02  0.16  67.39  0.75  12.45  3.81  0  0  0  0 
23-Nov-2007  10:08:04 0.54  0.12  69.49  2.12  5.90 -2.24  0  0  0  0 
23-Nov-2007  10:08:07 0.63  0.05  74.06  1.65  5.89 -3.38  0  0  0  0 
23-Nov-2007  10:08:08 1.51  0.13  67.95  0.38  6.63  1.66  0  0  0  0 
23-Nov-2007  10:08:09 1.20  0.08  71.95  0.59  6.73  2.31  0  0  0  0 
23-Nov-2007  10:08:10 1.05  0.13  72.60  0.88  8.15 -4.99  0  0  0  0 
23-Nov-2007  10:08:11 2.02  0.08  71.62  0.60  6.31  1.67  0  0  0  0 
23-Nov-2007  10:08:16 0.39  0.07  71.76  1.21  7.89 -3.85  0  0  0  0 
23-Nov-2007  10:08:18 0.27  0.06  75.06  2.11  5.77 -3.22  0  0  0  0 
23-Nov-2007  10:08:21 0.59  0.08  71.72  0.77  8.69  2.90  0  0  0  0 
23-Nov-2007  10:08:22 0.56  0.07  71.56  1.02  7.69 -3.92  0  0  0  0 
23-Nov-2007  10:08:23 0.30  0.14  71.30  1.15  8.39 -4.84  0  0  0  0 
23-Nov-2007  10:08:24 0.35  0.15  70.43  0.93  8.61 -4.84  0  0  0  0 
23-Nov-2007  10:08:25 0.82  0.19  68.15  2.04  10.41 -5.10  0  0  0  0 
23-Nov-2007  10:08:30 0.47  0.05  76.13  0.88  11.52 -9.52  0  0  0  0 
23-Nov-2007  10:08:34 1.02  0.08  76.14  1.81  7.25 -5.14  0  0  0  0 
23-Nov-2007  10:08:35 0.97  0.03  77.54  1.63  7.62 -6.49  0  0  0  0 
23-Nov-2007  10:08:46 1.33  0.19  68.17  1.41  6.67 -2.80  0  0  0  0 
23-Nov-2007  10:08:47 0.55  0.11  67.20  2.73  6.15 -2.13  0  0  0  0 
23-Nov-2007  10:08:52 0.84  0.11  68.66  2.11  7.80 -3.33  0  0  0  0 
23-Nov-2007  10:08:53 0.84  0.08  69.54  1.12  8.49 -3.99  0  0  0  0 
23-Nov-2007  10:08:55 0.45  0.08  68.11  1.40  18.27 -10.33  0  0  0  0 
23-Nov-2007  10:08:56 0.77  0.19  71.20  1.12  7.33 -3.86  0  1  0  0 
23-Nov-2007  10:08:57 0.59  0.16  70.29  0.99  8.65 -5.03  0  0  0  0 
23-Nov-2007  10:08:58 0.73  0.15  72.87  1.49  6.90 -3.31  0  1  0  0 
23-Nov-2007  10:08:59 1.44  0.16  69.30  1.17  7.29 -3.33  0  0  0  0 
23-Nov-2007  10:09:02 0.71  0.10  69.95  1.97  7.79 -4.10  0  0  0  0 
23-Nov-2007  10:09:05 1.48  0.14  70.70  1.73  6.51 -2.78  0  1  0  0 
23-Nov-2007  10:09:13 1.03  0.05  73.23  0.09  10.26  3.98  0  0  1  0 
23-Nov-2007  10:09:13 3.03  0.20  72.87  1.47  5.41 -2.48  0  0  0  0 
23-Nov-2007  10:09:16 0.78  0.12  72.65  1.36  10.25 -6.67  0  0  0  0 
23-Nov-2007  10:09:17 1.20  0.09  71.56  0.76  7.51  2.39  0  0  0  0 
23-Nov-2007  10:09:33 3.08  0.20  72.91  1.33  6.10 -2.79  0  0  0  0 
23-Nov-2007  10:09:38 1.75  0.10  72.27  0.58  8.44  2.93  0  0  0  0 
23-Nov-2007  10:09:39 0.76  0.09  72.07  0.76  8.51  2.83  0  1  1  0 
23-Nov-2007  10:09:41 0.98  0.05  73.95  2.60  7.67 -5.01  0  0  0  0 
23-Nov-2007  10:09:42 0.97  0.14  66.08  0.76  7.42  1.65  0  0  0  0 
23-Nov-2007  10:09:42 1.32  0.08  70.37  1.39  8.97 -4.92  0  0  0  0 
23-Nov-2007  10:09:50 0.64  0.09  75.50  1.33  5.29 -3.36  0  0  0  0 
23-Nov-2007  10:09:52 0.64  0.13  68.57  2.45  8.51 -3.95  0  0  0  0 
23-Nov-2007  10:09:58 0.93  0.09  68.82  2.01  6.68 -2.85  0  0  0  0 
23-Nov-2007  10:10:03 2.15  0.08  70.96  0.61  7.83  2.31  0  0  0  0 
23-Nov-2007  10:10:03 0.74  0.14  73.43  2.16  7.18 -3.99  0  1  1  0 
23-Nov-2007  10:10:05 1.07  0.08  70.08  0.79  6.70  1.63  0  0  0  0 
23-Nov-2007  10:10:09 0.92  0.09  73.82  2.19  13.88 -10.19  0  0  0  0 
23-Nov-2007  10:10:09 1.00  0.07  71.66  1.03  8.59 -5.01  0  0  0  0 
23-Nov-2007  10:10:10 0.78  0.05  73.11  1.48  5.86 -2.79  0  0  0  0 
23-Nov-2007  10:10:20 1.06  0.08  69.80  1.32  6.46 -2.85  0  0  0  0 
23-Nov-2007  10:10:21 1.19  0.11  71.50  0.49  10.68  4.00  0  0  0  0 
23-Nov-2007  10:10:25 2.13  0.18  68.86  1.77  8.70 -4.82  0  0  0  1 
23-Nov-2007  10:10:39 1.12  0.22  64.88  1.34  6.66 -2.49  0  0  0  0 
23-Nov-2007  10:10:41 0.69  0.15  69.97  1.97  5.68 -2.01  0  0  0  0 
23-Nov-2007  10:10:43 1.49  0.15  69.50  1.77  5.68 -2.20  0  1  0  0 
23-Nov-2007  10:10:46 1.57  0.08  71.63  0.75  7.90  2.30  0  1  1  0 
23-Nov-2007  10:10:47 1.66  0.15  71.98  0.74  7.38  2.32  0  1  1  0 
23-Nov-2007  10:10:48 0.62  0.07  71.96  0.72  8.60  2.91  0  0  0  0 
23-Nov-2007  10:10:48 0.67  0.07  72.19  0.79  8.12  2.86  0  0  0  0 
23-Nov-2007  10:10:48 2.61  0.07  72.75  0.73  7.82  2.92  0  1  0  0 
23-Nov-2007  10:10:52 0.53  0.09  69.13  1.56  6.34 -2.88  0  0  0  0 
23-Nov-2007  10:10:53 0.56  0.05  74.12  1.17  6.88 -4.06  0  0  0  0 
23-Nov-2007  10:11:00 0.44  0.12  71.87  1.37  6.55 -3.30  0  0  0  0 
23-Nov-2007  10:11:08 0.47  0.06  74.26  1.70  12.72 -9.92  0  0  0  0 
23-Nov-2007  10:11:11 0.53  0.05  74.47  0.96  9.32 -6.43  0  0  0  0 
23-Nov-2007  10:11:20 1.06  0.13  71.46  0.84  6.47 -2.79  0  0  0  0 
23-Nov-2007  10:11:23 1.91  0.12  72.16  0.98  6.88 -3.37  0  0  0  0 
23-Nov-2007  10:11:23 0.96  0.17  68.06  1.40  6.00 -2.21  0  0  0  0 
23-Nov-2007  10:11:26 1.18  0.08  70.62  0.35  11.18  3.88  0  0  0  0 
23-Nov-2007  10:11:28 1.69  0.18  69.14  0.37  6.34  1.43  0  0  0  0 
23-Nov-2007  10:11:29 0.57  0.03  71.48 -0.06  10.48  3.91  0  0  0  0 
23-Nov-2007  10:11:33 0.63  0.19  66.89  1.27  7.06 -2.81  0  0  0  0 
